id,time[ms],tref[C],lc[mV/V],tc1[C],tc2[C],ps[mA]              
1,1374,21.0,0.670,32.8,20.7,-0.004                             
1,1384,20.9,0.675,32.8,20.1,-0.004                             
1,1394,21.0,0.679,32.7,20.7,-0.004                             
1,1405,21.0,0.683,32.7,20.1,-0.004                             
1,1414,21.0,0.687,32.5,20.7,-0.004                             
1,1424,21.0,0.692,32.5,20.1,-0.004                             
1,1434,21.0,0.696,32.3,20.7,-0.004                             
1,1444,21.0,0.699,32.3,20.1,-0.004                             
1,1454,21.0,0.704,32.1,20.7,-0.004                             
1,1464,21.0,0.707,32.1,20.1,-0.004                             
1,1474,21.0,0.711,31.9,20.7,-0.004                             
1,1484,21.0,0.715,31.9,20.1,-0.004                             
1,1494,21.0,0.720,31.7,20.7,-0.004                             
1,1504,21.0,0.723,31.7,20.1,-0.004                             
1,1514,21.0,0.727,31.6,20.7,-0.004                             
1,1524,21.0,0.731,31.6,20.1,-0.004                             
1,1534,21.0,0.735,31.4,20.7,-0.004                             
1,1544,21.0,0.739,31.4,20.1,-0.004                             
1,1554,21.0,0.743,31.2,20.7,-0.004                             
1,1564,21.0,0.748,31.2,20.1,-0.004                             
1,1574,21.0,0.751,31.0,20.7,-0.004                             
1,1584,21.0,0.755,31.0,20.1,-0.004                             
1,1594,21.0,0.759,30.8,20.7,-0.004                             
1,1604,21.0,0.763,30.8,20.1,-0.004                             
1,1614,21.0,0.767,30.6,20.8,-0.004                             
1,1624,21.0,0.771,30.6,20.1,-0.004                             
1,1634,21.0,0.776,30.4,20.7,-0.004                             
1,1644,21.0,0.779,30.5,20.1,-0.004                             
1,1654,21.0,0.784,30.2,20.7,-0.004                             
1,1664,21.0,0.787,30.3,20.1,-0.004                             
1,1674,21.0,0.792,30.1,20.8,-0.004                             
1,1684,21.0,0.795,30.1,20.1,-0.004                             
1,1694,21.0,0.799,29.9,20.7,-0.004                             
1,1704,21.0,0.803,29.9,20.1,-0.004                             
1,1714,21.0,0.807,29.7,20.8,-0.004                             
1,1724,21.0,0.811,29.7,20.1,-0.004                             
1,1734,21.0,0.815,29.5,20.8,-0.004                             
1,1744,21.0,0.819,29.6,20.1,-0.004                             
1,1754,21.0,0.823,29.4,20.8,-0.004                             
1,1764,21.0,0.827,29.4,20.1,-0.004                             
1,1774,21.0,0.831,29.2,20.7,-0.004                             
1,1784,21.0,0.835,29.2,20.1,-0.004                             
1,1794,21.0,0.839,29.0,20.8,-0.004                             
1,1804,21.0,0.843,29.0,20.1,-0.004                             
1,1814,21.0,0.847,28.8,20.8,-0.004                             
1,1824,21.0,0.851,28.8,20.1,-0.004                             
1,1834,21.0,0.855,28.6,20.8,-0.004                             
1,1844,21.0,0.858,28.7,20.1,-0.004                             
1,1854,21.0,0.862,28.5,20.8,-0.004                             
1,1864,21.0,0.866,28.5,20.1,-0.004                             
1,1874,21.0,0.871,28.3,20.8,-0.004                             
1,1884,21.0,0.874,28.3,20.1,-0.004                             
1,1894,21.0,0.878,28.1,20.8,-0.004                             
1,1904,21.0,0.882,28.1,20.1,-0.004                             
1,1914,21.0,0.886,27.9,20.8,-0.004                             
1,1924,21.0,0.890,27.9,20.1,-0.004                             
1,1934,21.0,0.894,27.8,20.8,-0.004                             
1,1944,21.0,0.898,27.7,20.0,-0.004                             
1,1954,21.0,0.902,27.6,20.8,-0.004                             
1,1964,21.0,0.906,27.6,20.1,-0.004                             
1,1974,21.0,0.910,27.4,20.8,-0.004                             
1,1984,21.0,0.914,27.4,20.1,-0.004                             
1,1994,21.0,0.918,27.2,20.8,-0.004                             
1,2004,21.0,0.921,27.2,20.0,-0.004                             
1,2014,21.0,0.926,27.0,20.8,-0.004                             
1,2024,21.0,0.930,27.0,20.1,-0.004                             
1,2034,21.0,0.934,26.8,20.8,-0.004                             
1,2044,21.0,0.937,26.9,20.0,-0.004                             
1,2054,21.0,0.941,26.7,20.8,-0.004                             
1,2064,21.0,0.945,26.7,20.0,-0.004                             
1,2074,21.0,0.949,26.5,20.9,-0.004                             
1,2084,21.0,0.953,26.5,20.0,-0.004                             
1,2094,21.0,0.957,26.3,20.9,-0.004                             
1,2104,21.0,0.961,26.3,20.0,-0.004                             
1,2114,21.0,0.965,26.1,20.8,-0.004                             
1,2124,21.0,0.968,26.1,20.0,-0.004                             
1,2134,21.0,0.973,25.9,20.8,-0.004                             
1,2144,21.0,0.976,25.9,20.0,-0.004                             
1,2154,21.0,0.980,25.8,20.8,-0.004                             
1,2164,21.0,0.984,25.8,20.0,-0.004                             
1,2174,21.0,0.988,25.6,20.8,-0.004                             
1,2184,21.0,0.992,25.6,20.0,-0.004                             
1,2194,21.0,0.996,25.4,20.9,-0.004                             
1,2204,21.0,1.000,25.4,20.0,-0.004                             
1,2214,21.0,1.004,25.2,20.8,-0.004                             
1,2224,21.0,1.007,25.2,20.0,-0.004                             
1,2234,21.0,1.012,25.0,20.8,-0.004                             
1,2244,21.0,1.015,25.0,20.0,-0.004                             
1,2254,21.0,1.019,24.9,20.8,-0.004                             
1,2264,21.0,1.023,24.9,20.1,-0.004                             
1,2274,21.0,1.027,24.7,20.8,-0.004                             
1,2284,21.0,1.030,24.7,20.1,-0.004                             
1,2294,21.0,1.034,24.5,20.8,-0.004                             
1,2304,21.0,1.038,24.4,20.3,-0.004                             
1,2314,21.0,1.042,24.3,20.5,-0.004                             
1,2324,21.0,1.046,24.2,20.4,-0.004                             
1,2334,21.0,1.050,24.1,20.5,-0.004                             
1,2344,21.0,1.054,24.0,20.4,-0.004                             
1,2354,21.0,1.057,23.9,20.5,-0.004                             
1,2364,21.0,1.062,23.8,20.5,-0.004                             
1,2374,21.0,1.065,23.7,20.5,-0.004                             
1,2384,21.0,1.069,23.7,20.4,-0.004                             
1,2394,21.0,1.073,23.6,20.4,-0.004                             
1,2404,21.0,1.076,23.5,20.4,-0.004                             
1,2414,21.0,1.080,23.4,20.5,-0.004                             
1,2424,21.0,1.084,23.3,20.4,-0.004                             
1,2434,21.0,1.088,23.2,20.4,-0.004                             
1,2444,21.0,1.092,23.1,20.4,-0.004                             
1,2454,21.0,1.097,23.0,20.4,-0.004                             
1,2464,21.0,1.100,22.9,20.4,-0.004                             
1,2474,21.0,1.104,22.8,20.5,-0.004                             
1,2484,21.0,1.108,22.8,20.4,-0.004                             
1,2494,21.0,1.112,22.6,20.4,-0.004                             
1,2504,21.0,1.115,22.5,20.4,-0.004                             
1,2514,21.0,1.119,22.5,20.4,-0.004                             
1,2524,21.0,1.123,22.4,20.4,-0.004                             
1,2534,21.0,1.127,22.3,20.5,-0.004                             
1,2544,21.0,1.130,22.2,20.4,-0.004                             
1,2554,21.0,1.134,22.1,20.4,-0.004                             
1,2564,21.0,1.138,22.0,20.4,-0.004                             
1,2574,21.0,1.142,21.9,20.5,-0.004                             
1,2584,21.0,1.146,21.9,20.4,-0.004                             
1,2594,21.0,1.150,21.7,20.5,-0.004                             
1,2604,21.0,1.154,21.7,20.5,-0.004                             
1,2614,21.0,1.158,21.5,20.5,-0.004                             
1,2624,21.0,1.161,21.4,20.4,-0.004                             
1,2634,21.0,1.165,21.4,20.5,-0.004                             
1,2644,21.0,1.169,21.3,20.4,-0.004                             
1,2654,21.0,1.173,21.2,20.5,-0.004                             
1,2664,21.0,1.177,21.1,20.4,-0.004                             
1,2674,21.0,1.181,21.0,20.5,-0.004                             
1,2684,21.0,1.185,20.9,20.4,-0.004                             
1,2694,21.0,1.188,20.8,20.4,-0.004                             
1,2704,21.0,1.192,20.8,20.4,-0.004                             
1,2714,21.0,1.196,20.7,20.5,-0.004                             
1,2724,21.0,1.200,20.6,20.5,-0.004                             
1,2734,21.0,1.204,20.5,20.4,-0.004                             
1,2744,21.0,1.208,20.4,20.4,-0.004                             
1,2754,21.0,1.211,20.3,20.5,-0.004                             
1,2764,21.0,1.215,20.2,20.4,-0.004                             
1,2774,21.0,1.219,20.1,20.5,-0.004                             
1,2784,21.0,1.223,20.0,20.4,-0.004                             
1,2794,21.0,1.227,19.9,20.7,-0.004                             
1,2804,21.0,1.231,19.9,20.0,-0.004                             
1,2814,21.0,1.234,19.7,20.9,-0.004                             
1,2824,21.0,1.238,19.8,20.0,-0.004                             
1,2834,21.0,1.242,19.6,20.8,-0.004                             
1,2844,21.0,1.246,19.6,20.1,-0.004                             
1,2854,21.0,1.249,19.4,20.9,-0.004                             
1,2864,21.0,1.254,19.4,20.0,-0.004                             
1,2874,21.0,1.258,19.2,20.9,-0.004                             
1,2884,21.0,1.261,19.2,20.0,-0.004                             
1,2894,21.0,1.265,19.0,20.8,-0.004                             
1,2904,21.0,1.269,19.0,20.1,-0.004                             
1,2914,21.0,1.273,18.8,20.8,-0.004                             
1,2924,21.0,1.277,18.8,20.0,-0.004                             
1,2934,21.0,1.280,18.6,20.9,-0.004                             
1,2944,21.0,1.285,18.6,20.0,-0.004                             
1,2954,21.0,1.288,18.5,20.9,-0.004                             
1,2964,21.0,1.292,18.5,20.0,-0.004                             
1,2974,21.0,1.296,18.3,20.9,-0.004                             
1,2984,21.0,1.300,18.3,20.1,-0.004                             
1,2994,21.0,1.303,18.1,20.9,-0.004                             
1,3004,21.0,1.308,18.1,20.0,-0.004                             
1,3014,21.0,1.311,17.9,20.9,-0.004                             
1,3024,21.0,1.315,17.9,20.0,-0.004                             
1,3034,21.0,1.319,17.8,20.9,-0.004                             
1,3044,21.0,1.323,17.7,20.0,-0.004                             
1,3054,21.0,1.326,17.6,20.9,-0.004                             
1,3064,21.0,1.330,17.6,20.0,-0.004                             
1,3074,21.0,1.334,17.4,20.9,-0.004                             
1,3084,21.0,1.338,17.4,20.0,-0.004                             
1,3094,21.0,1.342,17.2,20.9,-0.004                             
1,3104,21.0,1.346,17.2,20.0,-0.004                             
1,3114,21.0,1.349,17.0,20.9,-0.004                             
1,3124,21.0,1.353,17.0,20.0,-0.004                             
1,3134,21.0,1.357,16.8,20.9,-0.004                             
1,3144,21.0,1.361,16.8,20.0,-0.004                             
1,3154,21.0,1.365,16.7,20.9,-0.004                             
1,3164,21.0,1.369,16.6,20.0,-0.004                             
1,3174,21.0,1.372,16.5,20.9,-0.004                             
1,3184,21.0,1.377,16.5,20.0,-0.004                             
1,3194,21.0,1.380,16.3,20.9,-0.004                             
1,3204,21.0,1.384,16.3,20.0,-0.004                             
1,3214,21.0,1.387,16.1,20.9,-0.004                             
1,3224,21.0,1.392,16.1,20.0,-0.004                             
1,3234,21.0,1.395,16.0,20.9,-0.004                             
1,3244,21.0,1.399,16.0,19.9,-0.004                             
1,3254,21.0,1.403,15.8,20.9,-0.004                             
1,3264,21.0,1.407,15.8,20.0,-0.004                             
1,3274,21.0,1.410,15.6,20.9,-0.004                             
1,3284,21.0,1.414,15.6,19.9,-0.004                             
1,3294,21.0,1.418,15.4,20.9,-0.004                             
1,3304,21.0,1.422,15.4,20.0,-0.004                             
1,3314,21.0,1.426,15.2,20.9,-0.004                             
1,3324,21.0,1.430,15.2,19.9,-0.004                             
1,3334,21.0,1.433,15.0,20.9,-0.004                             
1,3344,21.0,1.437,15.1,19.9,-0.004                             
1,3354,21.0,1.441,14.8,20.9,-0.004                             
1,3364,21.0,1.445,14.9,19.9,-0.004                             
1,3374,21.0,1.448,14.7,20.9,-0.004                             
1,3384,21.0,1.453,14.7,19.9,-0.004                             
1,3394,21.0,1.456,14.5,21.0,-0.004                             
1,3404,21.0,1.460,14.5,19.9,-0.004                             
1,3414,21.0,1.464,14.3,21.0,-0.004                             
1,3424,21.0,1.467,14.3,19.9,-0.004                             
1,3434,21.0,1.471,14.1,21.0,-0.004                             
1,3444,21.0,1.475,14.2,19.9,-0.004                             
1,3454,21.0,1.478,14.0,20.9,-0.004                             
1,3464,21.0,1.482,14.0,19.9,-0.004                             
1,3474,21.0,1.486,13.8,21.0,-0.004                             
1,3484,21.0,1.490,13.8,20.0,-0.004                             
1,3494,21.0,1.493,13.6,21.0,-0.004                             
1,3504,21.0,1.498,13.6,19.9,-0.004                             
1,3514,21.0,1.501,13.4,21.0,-0.004                             
1,3524,21.0,1.505,13.4,19.9,-0.004                             
1,3534,21.0,1.509,13.2,21.0,-0.004                             
1,3544,21.0,1.513,13.2,19.9,-0.004                             
1,3554,21.0,1.516,13.1,21.0,-0.004                             
1,3564,21.0,1.520,13.1,19.9,-0.004                             
1,3574,21.0,1.524,12.9,21.0,-0.004                             
1,3584,21.0,1.528,12.9,19.9,-0.004                             
1,3594,21.0,1.531,12.7,21.0,-0.004                             
1,3604,21.0,1.536,12.7,19.9,-0.004                             
1,3614,21.0,1.539,12.5,21.0,-0.004                             
1,3624,21.0,1.542,12.6,19.9,-0.004                             
1,3634,21.0,1.546,12.4,21.0,-0.004                             
1,3644,21.0,1.551,12.3,19.9,-0.004                             
1,3654,21.0,1.554,12.2,21.0,-0.004                             
1,3664,21.0,1.558,12.2,19.9,-0.004                             
1,3674,21.0,1.561,12.0,21.0,-0.004                             
1,3684,21.0,1.565,12.0,19.9,-0.004                             
1,3694,21.0,1.568,11.8,21.0,-0.004                             
1,3704,21.0,1.572,11.8,19.9,-0.004                             
1,3714,21.0,1.576,11.6,21.0,-0.004                             
1,3724,21.0,1.580,11.7,19.9,-0.004                             
1,3734,21.0,1.583,11.5,21.0,-0.004                             
1,3744,21.0,1.587,11.5,19.9,-0.004                             
1,3754,21.0,1.591,11.3,21.0,-0.004                             
1,3764,21.0,1.594,11.3,19.9,-0.004                             
1,3774,21.0,1.598,11.1,21.0,-0.004                             
1,3784,21.0,1.602,11.1,19.9,-0.004                             
1,3794,21.0,1.606,10.9,21.0,-0.004                             
1,3804,21.0,1.610,10.9,19.9,-0.004                             
1,3814,21.0,1.613,10.7,21.0,-0.004                             
1,3824,21.0,1.617,10.7,19.9,-0.004                             
1,3834,21.0,1.620,10.6,21.0,-0.004                             
1,3844,21.0,1.624,10.6,19.9,-0.004                             
1,3854,21.0,1.628,10.4,20.9,-0.004                             
1,3864,21.0,1.632,10.3,19.9,-0.004                             
1,3874,21.0,1.635,10.2,21.0,-0.004                             
1,3884,21.0,1.639,10.2,19.9,-0.004                             
1,3894,21.0,1.643,10.0,21.0,-0.004                             
1,3904,21.0,1.647,10.0,19.9,-0.004                             
1,3914,21.0,1.650,9.8,21.0,-0.004                              
1,3924,21.0,1.654,9.8,19.9,-0.004                              
1,3934,21.0,1.658,9.7,21.0,-0.004                              
1,3944,21.0,1.662,9.7,19.9,-0.004                              
1,3954,21.0,1.665,9.5,21.0,-0.004                              
1,3964,21.0,1.669,9.5,19.9,-0.004                              
1,3974,21.0,1.673,9.3,21.0,-0.004                              
1,3984,21.0,1.677,9.3,19.9,-0.004                              
1,3994,21.0,1.680,9.1,21.0,-0.004                              
1,4004,21.0,1.684,9.1,19.9,-0.004                              
1,4014,21.0,1.687,8.9,21.0,-0.004                              
1,4024,21.0,1.692,9.0,20.0,-0.004                              
1,4034,21.0,1.695,8.7,21.0,-0.004                              
1,4044,21.0,1.699,8.8,20.0,-0.004                              
1,4054,21.0,1.703,8.6,21.0,-0.004                              
1,4064,21.0,1.707,8.6,19.9,-0.004                              
1,4074,21.0,1.710,8.4,21.0,-0.004                              
1,4084,21.0,1.714,8.4,19.9,-0.004                              
1,4094,21.0,1.717,8.2,21.0,-0.004                              
1,4104,21.0,1.721,8.2,19.9,-0.004                              
1,4114,21.0,1.725,8.0,21.0,-0.004                              
1,4124,21.0,1.729,8.0,19.9,-0.004                              
1,4134,21.0,1.732,7.8,21.0,-0.004                              
1,4144,21.0,1.736,7.9,19.9,-0.004                              
1,4154,21.0,1.740,7.7,21.0,-0.004                              
1,4164,21.0,1.744,7.7,19.9,-0.004                              
1,4174,21.0,1.747,7.5,21.0,-0.004                              
1,4184,21.0,1.751,7.5,19.9,-0.004                              
1,4194,21.0,1.754,7.3,21.0,-0.004                              
1,4204,21.0,1.759,7.3,19.9,-0.004                              
1,4214,21.0,1.762,7.1,21.0,-0.004                              
1,4224,21.0,1.766,7.1,19.9,-0.004                              
1,4234,21.0,1.769,6.9,21.0,-0.004                              
1,4244,21.0,1.774,6.9,19.9,-0.004                              
1,4254,21.0,1.777,6.8,21.0,-0.004                              
1,4264,21.0,1.781,6.8,19.9,-0.004                              
1,4274,21.0,1.784,6.6,21.0,-0.004                              
1,4284,21.0,1.788,6.5,19.9,-0.004                              
1,4294,21.0,1.792,6.4,21.0,-0.004                              
1,4304,21.0,1.796,6.4,19.9,-0.004                              
1,4314,21.0,1.799,6.2,21.0,-0.004                              
1,4324,21.0,1.803,6.2,19.9,-0.004                              
1,4334,21.0,1.806,6.0,21.0,-0.004                              
1,4344,21.0,1.810,6.0,19.9,-0.004                              
1,4354,21.0,1.813,5.9,21.0,-0.004                              
1,4364,21.0,1.817,5.9,19.9,-0.004                              
1,4374,21.0,1.821,5.7,21.0,-0.004                              
1,4384,21.0,1.825,5.7,19.9,-0.004                              
1,4394,21.0,1.828,5.5,21.0,-0.004                              
1,4404,21.0,1.832,5.5,19.9,-0.004                              
1,4414,21.0,1.835,5.3,21.0,-0.004                              
1,4424,21.0,1.839,5.3,19.9,-0.004                              
1,4434,21.0,1.843,5.1,21.0,-0.004                              
1,4444,21.0,1.847,5.2,19.9,-0.004                              
1,4454,21.0,1.850,5.0,21.0,-0.004                              
1,4464,21.0,1.854,5.0,19.9,-0.004                              
1,4474,21.0,1.857,4.8,21.0,-0.004                              
1,4484,21.0,1.861,4.8,19.9,-0.004                              
1,4494,21.0,1.864,4.6,21.0,-0.004                              
1,4504,21.0,1.868,4.6,19.9,-0.004                              
1,4514,21.0,1.872,4.4,21.0,-0.004                              
1,4524,21.0,1.876,4.4,19.9,-0.004                              
1,4534,21.0,1.879,4.2,21.0,-0.004                              
1,4544,21.0,1.883,4.2,19.9,-0.004                              
1,4554,21.0,1.887,4.1,21.0,-0.004                              
1,4564,21.0,1.891,4.1,19.9,-0.004                              
1,4574,21.0,1.894,3.9,21.0,-0.004                              
1,4584,21.0,1.898,3.9,19.9,-0.004                              
1,4594,21.0,1.901,3.7,21.0,-0.004                              
1,4604,21.0,1.905,3.7,19.9,-0.004                              
1,4614,21.0,1.908,3.5,21.0,-0.004                              
1,4624,21.0,1.912,3.5,19.9,-0.004                              
1,4634,21.0,1.916,3.4,21.0,-0.004                              
1,4644,21.0,1.920,3.4,19.9,-0.004                              
1,4654,21.0,1.923,3.2,21.0,-0.004                              
1,4664,21.0,1.927,3.2,19.9,-0.004                              
1,4674,21.0,1.931,3.0,21.0,-0.004                              
1,4684,21.0,1.934,3.0,19.9,-0.004                              
1,4694,21.0,1.938,2.8,21.0,-0.004                              
1,4704,21.0,1.941,2.8,19.9,-0.004                              
1,4714,21.0,1.945,2.6,21.0,-0.004                              
1,4724,21.0,1.949,2.6,19.9,-0.004                              
1,4734,21.0,1.952,2.4,21.0,-0.004                              
1,4744,21.0,1.956,2.4,19.9,-0.004                              
1,4754,21.0,1.960,2.3,21.0,-0.004                              
1,4764,21.0,1.964,2.3,19.9,-0.004                              
1,4774,21.0,1.967,2.1,21.0,-0.004                              
1,4784,21.1,1.971,2.1,19.9,-0.004                              
1,4794,21.1,1.974,1.9,21.0,-0.004                              
1,4804,21.1,1.978,1.9,19.9,-0.004                              
1,4814,21.0,1.981,1.7,21.0,-0.004                              
1,4824,21.1,1.985,1.7,19.9,-0.004                              
1,4834,21.1,1.989,1.6,21.0,-0.004                              
1,4844,21.0,1.993,1.5,19.9,-0.004                              
1,4854,21.0,1.996,1.4,21.0,-0.004                              
1,4864,21.0,2.000,1.4,19.9,-0.004                              
1,4874,21.0,2.003,1.2,21.0,-0.004                              
1,4884,21.0,2.007,1.2,19.9,-0.004                              
1,4894,21.0,2.011,1.0,21.0,-0.004                              
1,4904,21.0,2.014,1.0,19.9,-0.004                              
1,4914,21.0,2.018,0.8,21.0,-0.004                              
1,4924,21.0,2.022,0.8,19.9,-0.004                              
1,4934,21.0,2.025,0.7,21.0,-0.004                              
1,4944,21.0,2.029,0.7,19.9,-0.004                              
1,4954,21.0,2.033,0.5,21.0,-0.004                              
1,4964,21.1,2.036,0.5,19.9,-0.004                              
1,4974,21.0,2.040,0.3,21.0,-0.004                              
1,4984,21.0,2.044,0.3,19.9,-0.004                              
1,4994,21.0,2.047,0.1,21.1,-0.004                              
1,5004,21.0,2.051,0.1,19.9,-0.004                              
1,5014,21.1,2.054,-0.0,21.0,-0.004                             
1,5024,21.1,2.058,-0.1,19.9,-0.004                             
1,5034,21.1,2.061,-0.2,21.0,-0.004                             
1,5044,21.0,2.065,-0.2,19.9,-0.004                             
1,5054,21.1,2.069,-0.4,21.0,-0.004                             
1,5064,21.1,2.072,-0.4,19.9,-0.004                             
1,5074,21.0,2.076,-0.6,21.0,-0.004                             
1,5084,21.0,2.080,-0.6,19.9,-0.004                             
1,5094,21.0,2.083,-0.8,21.0,-0.004                             
1,5104,21.1,2.087,-0.8,19.9,-0.004                             
1,5114,21.0,2.091,-0.9,21.0,-0.004                             
1,5124,21.0,2.094,-1.0,19.9,-0.004                             
1,5134,21.1,2.097,-1.1,21.0,-0.004                             
1,5144,21.0,2.101,-1.2,19.9,-0.004                             
1,5154,21.1,2.104,-1.3,21.1,-0.004                             
1,5164,21.1,2.108,-1.3,19.9,-0.004                             
1,5174,21.1,2.112,-1.5,21.0,-0.004                             
1,5184,21.0,2.115,-1.5,19.9,-0.004                             
1,5194,21.1,2.119,-1.7,21.0,-0.004                             
1,5204,21.1,2.123,-1.7,19.9,-0.004                             
1,5214,21.0,2.126,-1.9,21.0,-0.004                             
1,5224,21.0,2.130,-1.9,19.9,-0.004                             
1,5234,21.0,2.133,-2.0,21.0,-0.004                             
1,5244,21.0,2.137,-2.0,19.9,-0.004                             
1,5254,21.1,2.140,-2.2,21.0,-0.004                             
1,5264,21.1,2.144,-2.2,19.9,-0.004                             
1,5274,21.0,2.148,-2.4,21.0,-0.004                             
1,5284,21.1,2.151,-2.4,19.9,-0.004                             
1,5294,21.1,2.155,-2.6,21.1,-0.004                             
1,5304,21.1,2.159,-2.6,19.9,-0.004                             
1,5314,21.1,2.162,-2.8,21.0,-0.004                             
1,5324,21.1,2.166,-2.8,19.9,-0.004                             
1,5334,21.1,2.169,-2.9,21.0,-0.004                             
1,5344,21.0,2.173,-3.0,19.9,-0.004                             
1,5354,21.0,2.177,-3.1,21.0,-0.004                             
1,5364,21.0,2.180,-3.1,19.9,-0.004                             
1,5374,21.1,2.184,-3.3,21.0,-0.004                             
1,5384,21.1,2.187,-3.3,19.9,-0.004                             
1,5394,21.1,2.191,-3.5,21.0,-0.004                             
1,5404,21.1,2.195,-3.5,19.9,-0.004                             
1,5414,21.1,2.198,-3.6,21.0,-0.004                             
1,5424,21.1,2.202,-3.6,19.9,-0.004                             
1,5434,21.1,2.205,-3.9,21.0,-0.004                             
1,5444,21.1,2.209,-3.8,19.9,-0.004                             
1,5454,21.1,2.212,-4.0,21.0,-0.004                             
1,5464,21.1,2.216,-4.0,19.9,-0.004                             
1,5474,21.1,2.220,-4.2,21.0,-0.004                             
1,5484,21.1,2.224,-4.2,19.9,-0.004                             
1,5494,21.1,2.227,-4.4,21.0,-0.004                             
1,5504,21.0,2.231,-4.4,19.9,-0.004                             
1,5514,21.1,2.234,-4.5,21.1,-0.004                             
1,5524,21.0,2.238,-4.6,19.9,-0.004                             
1,5534,21.1,2.241,-4.8,21.0,-0.004                             
1,5544,21.0,2.245,-4.8,19.9,-0.004                             
1,5554,21.1,2.248,-4.9,21.0,-0.004                             
1,5564,21.1,2.252,-4.9,19.9,-0.004                             
1,5574,21.0,2.255,-5.1,21.1,-0.004                             
1,5584,21.1,2.260,-5.1,19.9,-0.004                             
1,5594,21.1,2.262,-5.3,21.1,-0.004                             
1,5604,21.1,2.266,-5.3,19.9,-0.004                             
1,5614,21.0,2.270,-5.5,21.0,-0.004                             
1,5624,21.1,2.273,-5.5,19.9,-0.004                             
1,5634,21.1,2.277,-5.6,21.0,-0.004                             
1,5644,21.1,2.280,-5.6,19.9,-0.004                             
1,5654,21.1,2.284,-5.8,21.1,-0.004                             
1,5664,21.1,2.287,-5.9,19.9,-0.004                             
1,5674,21.1,2.291,-6.0,21.0,-0.004                             
1,5684,21.1,2.294,-6.0,19.9,-0.004                             
1,5694,21.0,2.298,-6.2,21.0,-0.004                             
1,5704,21.1,2.301,-6.2,19.9,-0.004                             
1,5714,21.0,2.305,-6.4,21.0,-0.004                             
1,5724,21.1,2.309,-6.4,19.9,-0.004                             
1,5734,21.1,2.311,-6.6,21.1,-0.004                             
1,5744,21.0,2.315,-6.6,19.9,-0.004                             
1,5754,21.0,2.318,-6.8,21.0,-0.004                             
1,5764,21.1,2.322,-6.7,19.9,-0.004                             
1,5774,21.1,2.326,-6.9,21.0,-0.004                             
1,5784,21.1,2.330,-6.9,19.9,-0.004                             
1,5794,21.1,2.333,-7.1,21.0,-0.004                             
1,5804,21.1,2.337,-7.1,19.9,-0.004                             
1,5814,21.0,2.340,-7.3,21.0,-0.004                             
1,5824,21.1,2.343,-7.3,19.9,-0.004                             
1,5834,21.1,2.347,-7.5,21.0,-0.004                             
1,5844,21.1,2.351,-7.5,19.9,-0.004                             
1,5854,21.1,2.354,-7.7,21.0,-0.004                             
1,5864,21.0,2.358,-7.7,19.9,-0.004                             
1,5874,21.1,2.361,-7.9,21.0,-0.004                             
1,5884,21.1,2.365,-7.8,19.9,-0.004                             
1,5894,21.0,2.368,-8.1,21.0,-0.004                             
1,5904,21.1,2.372,-8.0,19.9,-0.004                             
1,5914,21.1,2.375,-8.2,21.1,-0.004                             
1,5924,21.1,2.379,-8.2,19.9,-0.004                             
1,5934,21.1,2.382,-8.4,21.0,-0.004                             
1,5944,21.1,2.386,-8.4,19.9,-0.004                             
1,5954,21.1,2.389,-8.6,21.1,-0.004                             
1,5964,21.1,2.393,-8.6,19.9,-0.004                             
1,5974,21.1,2.396,-8.8,21.0,-0.004                             
1,5984,21.1,2.400,-8.8,19.9,-0.004                             
1,5994,21.1,2.403,-8.9,21.0,-0.004                             
1,6004,21.1,2.407,-9.0,19.9,-0.004                             
1,6014,21.1,2.410,-9.1,21.0,-0.004                             
1,6024,21.1,2.414,-9.1,19.9,-0.004                             
1,6034,21.1,2.417,-9.3,21.0,-0.004                             
1,6044,21.1,2.422,-9.3,19.9,-0.004                             
1,6054,21.1,2.424,-9.5,21.0,-0.004                             
1,6064,21.1,2.428,-9.5,19.9,-0.004                             
1,6074,21.1,2.431,-9.7,21.0,-0.004                             
1,6084,21.1,2.435,-9.7,19.9,-0.004                             
1,6094,21.1,2.438,-9.9,21.0,-0.004                             
1,6104,21.1,2.442,-9.9,19.9,-0.004                             
1,6114,21.1,2.445,-10.0,21.0,-0.004                            
1,6124,21.1,2.449,-10.1,19.9,-0.004                            
1,6134,21.1,2.452,-10.2,21.0,-0.004                            
1,6144,21.1,2.456,-10.2,19.9,-0.004                            
1,6154,21.1,2.460,-10.4,21.0,-0.004                            
1,6164,21.1,2.463,-10.4,19.9,-0.004                            
1,6174,21.1,2.466,-10.6,21.0,-0.004                            
1,6184,21.1,2.471,-10.6,19.9,-0.004                            
1,6194,21.1,2.474,-10.8,21.0,-0.004                            
1,6204,21.1,2.477,-10.8,19.9,-0.004                            
1,6214,21.1,2.481,-11.0,21.1,-0.004                            
1,6224,21.1,2.485,-10.9,19.9,-0.004                            
1,6234,21.1,2.488,-11.2,21.0,-0.004                            
1,6244,21.1,2.491,-11.1,19.9,-0.004                            
1,6254,21.1,2.495,-11.3,21.0,-0.004                            
1,6264,21.1,2.499,-11.3,19.9,-0.004                            
1,6274,21.1,2.502,-11.5,21.1,-0.004                            
1,6284,21.1,2.506,-11.5,19.9,-0.004                            
1,6294,21.1,2.509,-11.7,21.0,-0.004                            
1,6304,21.1,2.513,-11.7,19.9,-0.004                            
1,6314,21.1,2.516,-11.9,21.0,-0.004                            
1,6324,21.1,2.520,-11.9,19.9,-0.004                            
1,6334,21.1,2.523,-12.1,21.0,-0.004                            
1,6344,21.1,2.527,-12.0,19.9,-0.004                            
1,6354,21.1,2.530,-12.2,21.0,-0.004                            
1,6364,21.1,2.534,-12.2,19.9,-0.004                            
1,6374,21.1,2.537,-12.4,21.1,-0.004                            
1,6384,21.1,2.540,-12.4,19.9,-0.004                            
1,6394,21.1,2.544,-12.6,21.0,-0.004                            
1,6404,21.1,2.547,-12.6,19.9,-0.004                            
1,6414,21.1,2.551,-12.8,21.0,-0.004                            
1,6424,21.1,2.554,-12.8,19.9,-0.004                            
1,6434,21.1,2.558,-13.0,21.1,-0.004                            
1,6444,21.1,2.562,-13.0,19.9,-0.004                            
1,6454,21.1,2.565,-13.1,21.0,-0.004                            
1,6464,21.1,2.568,-13.2,19.9,-0.004                            
1,6474,21.1,2.572,-13.3,21.1,-0.004                            
1,6484,21.1,2.575,-13.3,19.9,-0.004                            
1,6494,21.1,2.578,-13.5,21.0,-0.004                            
1,6504,21.1,2.582,-13.6,19.9,-0.004                            
1,6514,21.1,2.586,-13.7,21.0,-0.004                            
1,6524,21.1,2.589,-13.7,19.9,-0.004                            
1,6534,21.1,2.593,-13.9,21.0,-0.004                            
1,6544,21.1,2.597,-13.9,19.9,-0.004                            
1,6554,21.1,2.600,-14.1,21.1,-0.004                            
1,6564,21.1,2.604,-14.1,19.9,-0.004                            
1,6574,21.1,2.607,-14.3,21.1,-0.004                            
1,6584,21.1,2.611,-14.2,19.9,-0.004                            
1,6594,21.1,2.614,-14.4,21.0,-0.004                            
1,6604,21.1,2.617,-14.4,19.9,-0.004                            
1,6614,21.1,2.621,-14.6,21.0,-0.004                            
1,6624,21.1,2.624,-14.7,19.9,-0.004                            
1,6634,21.1,2.627,-14.8,21.0,-0.004                            
1,6644,21.1,2.631,-14.8,19.9,-0.004                            
1,6654,21.1,2.634,-15.1,21.1,-0.004                            
1,6664,21.1,2.638,-15.0,19.9,-0.004                            
1,6674,21.1,2.641,-15.2,21.0,-0.004                            
1,6684,21.1,2.645,-15.2,19.9,-0.004                            
1,6694,21.1,2.648,-15.4,21.1,-0.004                            
1,6704,21.1,2.652,-15.4,19.9,-0.004                            
1,6714,21.1,2.655,-15.6,21.0,-0.004                            
1,6724,21.1,2.659,-15.6,19.9,-0.004                            
1,6734,21.1,2.662,-15.7,21.0,-0.004                            
1,6744,21.1,2.666,-15.7,19.9,-0.004                            
1,6754,21.1,2.669,-16.0,21.1,-0.004                            
1,6764,21.1,2.673,-16.0,19.9,-0.004                            
1,6774,21.1,2.676,-16.1,21.0,-0.004                            
1,6784,21.1,2.680,-16.1,19.9,-0.004                            
1,6794,21.1,2.683,-16.3,21.1,-0.004                            
1,6804,21.1,2.687,-16.3,19.9,-0.004                            
1,6814,21.1,2.690,-16.5,21.0,-0.004                            
1,6824,21.1,2.693,-16.5,19.9,-0.004                            
1,6834,21.1,2.697,-16.7,21.0,-0.004                            
1,6844,21.1,2.700,-16.7,19.9,-0.004                            
1,6854,21.1,2.704,-16.9,21.0,-0.004                            
1,6864,21.1,2.707,-16.9,19.9,-0.004                            
1,6874,21.1,2.711,-17.1,21.1,-0.004                            
1,6884,21.1,2.714,-17.1,19.9,-0.004                            
1,6894,21.1,2.718,-17.2,21.1,-0.004                            
1,6904,21.1,2.721,-17.2,19.9,-0.004                            
1,6914,21.1,2.724,-17.4,21.1,-0.004                            
1,6924,21.1,2.728,-17.4,19.9,-0.004                            
1,6934,21.1,2.732,-17.6,21.0,-0.004                            
1,6944,21.1,2.735,-17.6,19.9,-0.004                            
1,6954,21.1,2.738,-17.8,21.1,-0.004                            
1,6964,21.1,2.742,-17.8,19.9,-0.004                            
1,6974,21.1,2.745,-18.0,21.1,-0.004                            
1,6984,21.1,2.749,-18.0,19.9,-0.004                            
1,6994,21.1,2.752,-18.2,21.0,-0.004                            
1,7004,21.1,2.755,-18.2,19.9,-0.004                            
1,7014,21.1,2.759,-18.4,21.0,-0.004                            
1,7024,21.1,2.763,-18.4,19.9,-0.004                            
1,7034,21.1,2.766,-18.5,21.1,-0.004                            
1,7044,21.1,2.769,-18.6,19.9,-0.004                            
1,7054,21.1,2.773,-18.7,21.0,-0.004                            
1,7064,21.1,2.776,-18.7,19.9,-0.004                            
1,7074,21.1,2.780,-18.9,21.0,-0.004                            
1,7084,21.1,2.783,-18.9,19.9,-0.004                            
1,7094,21.1,2.786,-19.1,21.0,-0.004                            
1,7104,21.1,2.790,-19.1,19.9,-0.004                            
1,7114,21.1,2.793,-19.3,21.0,-0.004                            
1,7124,21.1,2.797,-19.3,19.9,-0.004                            
1,7134,21.1,2.800,-19.5,21.0,-0.004                            
1,7144,21.1,2.804,-19.5,19.9,-0.004                            
1,7154,21.1,2.807,-19.7,21.0,-0.004                            
1,7164,21.1,2.811,-19.7,19.9,-0.004                            
1,7174,21.1,2.814,-19.9,21.1,-0.004                            
1,7184,21.1,2.818,-19.8,19.9,-0.004                            
1,7194,21.1,2.821,-20.1,21.0,-0.004                            
1,7204,21.1,2.824,-20.0,19.9,-0.004                            
1,7214,21.1,2.828,-20.2,21.0,-0.004                            
1,7224,21.1,2.831,-20.2,19.9,-0.004                            
1,7234,21.1,2.835,-20.4,21.0,-0.004                            
1,7244,21.1,2.838,-20.4,19.9,-0.004                            
1,7254,21.1,2.841,-20.6,21.0,-0.004                            
1,7264,21.1,2.845,-20.6,19.9,-0.004                            
1,7274,21.1,2.848,-20.8,21.0,-0.004                            
1,7284,21.1,2.852,-20.8,19.9,-0.004                            
1,7294,21.1,2.855,-21.0,21.1,-0.004                            
1,7304,21.1,2.859,-21.0,19.9,-0.004                            
1,7314,21.1,2.862,-21.2,21.0,-0.004                            
1,7324,21.1,2.866,-21.2,19.9,-0.004                            
1,7334,21.1,2.869,-21.4,21.0,-0.004                            
1,7344,21.1,2.872,-21.4,19.9,-0.004                            
1,7354,21.1,2.875,-21.6,21.0,-0.004                            
1,7364,21.1,2.879,-21.6,19.9,-0.004                            
1,7374,21.1,2.882,-21.7,21.0,-0.004                            
1,7384,21.1,2.885,-21.7,19.9,-0.004                            
1,7394,21.1,2.889,-22.0,21.1,-0.004                            
1,7404,21.1,2.893,-21.9,19.9,-0.004                            
1,7414,21.1,2.896,-22.1,21.0,-0.004                            
1,7424,21.1,2.899,-22.2,19.9,-0.004                            
1,7434,21.1,2.903,-22.3,21.1,-0.004                            
1,7444,21.1,2.906,-22.3,19.9,-0.004                            
1,7454,21.1,2.909,-22.5,21.0,-0.004                            
1,7464,21.1,2.913,-22.5,19.9,-0.004                            
1,7474,21.1,2.916,-22.7,21.1,-0.004                            
1,7484,21.1,2.920,-22.7,19.9,-0.004                            
1,7494,21.1,2.923,-22.9,21.0,-0.004                            
1,7504,21.1,2.927,-22.9,19.9,-0.004                            
1,7514,21.1,2.930,-23.1,21.1,-0.004                            
1,7524,21.1,2.933,-23.1,19.9,-0.004                            
1,7534,21.1,2.936,-23.3,21.0,-0.004                            
1,7544,21.1,2.940,-23.3,19.9,-0.004                            
1,7554,21.1,2.943,-23.5,21.0,-0.004                            
1,7564,21.1,2.947,-23.5,19.9,-0.004                            
1,7574,21.1,2.950,-23.7,21.0,-0.004                            
1,7584,21.1,2.953,-23.7,19.9,-0.004                            
1,7594,21.1,2.956,-23.8,21.0,-0.004                            
1,7604,21.1,2.960,-23.9,19.9,-0.004                            
1,7614,21.1,2.963,-24.1,21.0,-0.004                            
1,7624,21.1,2.967,-24.0,19.9,-0.004                            
1,7634,21.1,2.970,-24.3,21.0,-0.004                            
1,7644,21.1,2.973,-24.2,19.9,-0.004                            
1,7654,21.1,2.977,-24.4,21.1,-0.004                            
1,7664,21.1,2.980,-24.4,19.9,-0.004                            
1,7674,21.1,2.983,-24.6,21.0,-0.004                            
1,7684,21.1,2.987,-24.6,19.9,-0.004                            
1,7694,21.1,2.991,-24.8,21.1,-0.004                            
1,7704,21.1,2.994,-24.8,19.9,-0.004                            
1,7714,21.1,2.997,-25.0,21.1,-0.004                            
1,7724,21.1,3.000,-25.0,19.9,-0.004                            
1,7734,21.1,3.004,-25.2,21.0,-0.004                            
1,7744,21.1,3.007,-25.2,19.9,-0.004                            
1,7754,21.1,3.011,-25.4,21.0,-0.004                            
1,7764,21.1,3.014,-25.4,19.9,-0.004                            
1,7774,21.1,3.017,-25.6,21.0,-0.004                            
1,7784,21.1,3.021,-25.6,19.9,-0.004                            
1,7794,21.1,3.024,-25.8,21.0,-0.004                            
1,7804,21.1,3.028,-25.8,19.9,-0.004                            
1,7814,21.1,3.031,-26.0,21.0,-0.004                            
1,7824,21.1,3.034,-26.0,19.9,-0.004                            
1,7834,21.1,3.037,-26.2,21.0,-0.004                            
1,7844,21.1,3.041,-26.2,19.9,-0.004                            
1,7854,21.1,3.044,-26.4,21.1,-0.004                            
1,7864,21.1,3.048,-26.4,19.9,-0.004                            
1,7874,21.1,3.051,-26.6,21.0,-0.004                            
1,7884,21.1,3.055,-26.6,19.9,-0.004                            
1,7894,21.1,3.058,-26.8,21.1,-0.004                            
1,7904,21.1,3.061,-26.8,19.9,-0.004                            
1,7914,21.1,3.064,-27.0,21.0,-0.004                            
1,7924,21.1,3.068,-27.0,19.9,-0.004                            
1,7934,21.1,3.071,-27.2,21.0,-0.004                            
1,7944,21.1,3.075,-27.1,19.9,-0.004                            
1,7954,21.1,3.078,-27.4,21.0,-0.004                            
1,7964,21.1,3.082,-27.4,19.9,-0.004                            
1,7974,21.1,3.085,-27.6,21.0,-0.004                            
1,7984,21.1,3.089,-27.6,19.9,-0.004                            
1,7994,21.1,3.092,-27.8,21.0,-0.004                            
1,8004,21.1,3.095,-27.8,19.9,-0.004                            
1,8014,21.1,3.098,-28.0,21.0,-0.004                            
1,8024,21.1,3.102,-28.0,19.9,-0.004                            
1,8034,21.1,3.105,-28.2,21.0,-0.004                            
1,8044,21.1,3.108,-28.2,19.9,-0.004                            
1,8054,21.1,3.112,-28.4,21.0,-0.004                            
1,8064,21.1,3.115,-28.4,19.9,-0.004                            
1,8074,21.1,3.118,-28.5,21.0,-0.004                            
1,8084,21.1,3.122,-28.6,19.9,-0.004                            
1,8094,21.1,3.125,-28.8,21.0,-0.004                            
1,8104,21.1,3.129,-28.8,19.9,-0.004                            
1,8114,21.1,3.131,-29.0,21.0,-0.004                            
1,8124,21.1,3.135,-29.0,19.9,-0.004                            
1,8134,21.1,3.138,-29.2,21.0,-0.004                            
1,8144,21.1,3.142,-29.2,19.9,-0.004                            
1,8154,21.1,3.145,-29.4,21.1,-0.004                            
1,8164,21.1,3.148,-29.4,19.9,-0.004                            
1,8174,21.1,3.151,-29.6,21.1,-0.004                            
1,8184,21.1,3.155,-29.6,19.9,-0.004                            
1,8194,21.1,3.158,-29.8,21.0,-0.004                            
1,8204,21.1,3.162,-29.8,19.9,-0.004                            
1,8214,21.1,3.165,-30.0,21.0,-0.004                            
1,8224,21.1,3.169,-30.0,19.9,-0.004                            
1,8234,21.1,3.171,-30.2,21.1,-0.004                            
1,8244,21.1,3.175,-30.2,19.9,-0.004                            
1,8254,21.1,3.178,-30.4,21.0,-0.004                            
1,8264,21.1,3.182,-30.4,19.9,-0.004                            
1,8274,21.1,3.185,-30.6,21.0,-0.004                            
1,8284,21.1,3.189,-30.6,19.9,-0.004                            
1,8294,21.1,3.192,-30.8,21.0,-0.004                            
1,8304,21.1,3.195,-30.8,19.9,-0.004                            
1,8314,21.1,3.199,-31.0,21.0,-0.004                            
1,8324,21.1,3.202,-31.0,19.9,-0.004                            
1,8334,21.1,3.205,-31.2,21.0,-0.004                            
1,8344,21.1,3.208,-31.2,19.9,-0.004                            
1,8354,21.1,3.212,-31.4,21.0,-0.004                            
1,8364,21.1,3.215,-31.4,19.9,-0.004                            
1,8374,21.1,3.218,-31.6,21.0,-0.004                            
1,8384,21.1,3.222,-31.6,19.9,-0.004                            
1,8394,21.1,3.225,-31.8,21.1,-0.004                            
1,8404,21.1,3.229,-31.8,19.9,-0.004                            
1,8414,21.1,3.232,-32.0,21.0,-0.004                            
1,8424,21.1,3.235,-32.0,19.9,-0.004                            
1,8434,21.1,3.238,-32.2,21.0,-0.004                            
1,8444,21.1,3.242,-32.2,19.9,-0.004                            
1,8454,21.1,3.245,-32.5,21.0,-0.004                            
1,8464,21.1,3.248,-32.5,19.9,-0.004                            
1,8474,21.1,3.251,-32.6,21.0,-0.004                            
1,8484,21.1,3.255,-32.7,19.9,-0.004                            
1,8494,21.1,3.258,-32.8,21.0,-0.004                            
1,8504,21.1,3.262,-32.9,19.9,-0.004                            
1,8514,21.1,3.265,-33.1,21.0,-0.004                            
1,8524,21.1,3.268,-33.0,19.9,-0.004                            
1,8534,21.1,3.271,-33.2,21.1,-0.004                            
1,8544,21.1,3.275,-33.3,19.9,-0.004                            
1,8554,21.1,3.278,-33.5,21.0,-0.004                            
1,8564,21.1,3.281,-33.5,19.9,-0.004                            
1,8574,21.1,3.285,-33.7,21.0,-0.004                            
1,8584,21.1,3.288,-33.7,19.9,-0.004                            
1,8594,21.1,3.291,-33.9,21.0,-0.004                            
1,8604,21.1,3.295,-33.9,19.9,-0.004                            
1,8614,21.1,3.298,-34.1,21.0,-0.004                            
1,8624,21.1,3.301,-34.1,19.9,-0.004                            
1,8634,21.1,3.305,-34.3,21.0,-0.004                            
1,8644,21.1,3.308,-34.3,19.9,-0.004                            
1,8654,21.1,3.311,-34.6,21.0,-0.004                            
1,8664,21.1,3.315,-34.5,19.9,-0.004                            
1,8674,21.1,3.318,-34.8,21.1,-0.004                            
1,8684,21.1,3.321,-34.8,19.9,-0.004                            
1,8694,21.1,3.324,-35.0,21.0,-0.004                            
1,8704,21.1,3.328,-35.0,19.9,-0.004                            
1,8714,21.1,3.331,-35.2,21.0,-0.004                            
1,8724,21.1,3.335,-35.2,19.9,-0.004                            
1,8734,21.1,3.338,-35.4,21.1,-0.004                            
1,8744,21.1,3.341,-35.4,19.9,-0.004                            
1,8754,21.1,3.344,-35.6,21.0,-0.004                            
1,8764,21.1,3.348,-35.6,19.9,-0.004                            
1,8774,21.1,3.351,-35.9,21.0,-0.004                            
1,8784,21.1,3.355,-35.8,19.9,-0.004                            
1,8794,21.1,3.358,-36.1,21.0,-0.004                            
1,8804,21.1,3.361,-36.0,19.9,-0.004                            
1,8814,21.1,3.364,-36.3,21.1,-0.004                            
1,8824,21.1,3.368,-36.3,19.9,-0.004                            
1,8834,21.1,3.371,-36.5,21.0,-0.004                            
1,8844,21.1,3.375,-36.5,19.9,-0.004                            
1,8854,21.1,3.378,-36.7,21.0,-0.004                            
1,8864,21.1,3.381,-36.7,19.9,-0.004                            
1,8874,21.1,3.385,-36.9,21.1,-0.004                            
1,8884,21.1,3.388,-37.0,19.9,-0.004                            
1,8894,21.1,3.391,-37.2,21.1,-0.004                            
1,8904,21.1,3.394,-37.2,19.9,-0.004                            
1,8914,21.1,3.397,-37.4,21.0,-0.004                            
1,8924,21.1,3.401,-37.4,19.9,-0.004                            
1,8934,21.1,3.404,-37.6,21.1,-0.004                            
1,8944,21.1,3.407,-37.6,19.9,-0.004                            
1,8954,21.1,3.411,-37.8,21.0,-0.004                            
1,8964,21.1,3.414,-37.8,19.9,-0.004                            
1,8974,21.1,3.417,-38.0,21.0,-0.004                            
1,8984,21.1,3.420,-38.0,19.9,-0.004                            
1,8994,21.1,3.424,-38.3,21.0,-0.004                            
1,9004,21.1,3.427,-38.3,19.9,-0.004                            
1,9014,21.1,3.430,-38.5,21.0,-0.004                            
1,9024,21.1,3.433,-38.5,19.9,-0.004                            
1,9034,21.1,3.436,-38.8,21.0,-0.004                            
1,9044,21.1,3.440,-38.7,19.9,-0.004                            
1,9054,21.1,3.443,-39.0,21.0,-0.004                            
1,9064,21.1,3.447,-39.0,19.9,-0.004                            
1,9074,21.1,3.449,-39.2,21.0,-0.004                            
1,9084,21.1,3.453,-39.2,19.9,-0.004                            
1,9094,21.1,3.456,-39.4,21.1,-0.004                            
1,9104,21.1,3.459,-39.4,19.9,-0.004                            
1,9114,21.1,3.463,-39.6,21.1,-0.004                            
1,9124,21.1,3.466,-39.6,19.9,-0.004                            
1,9134,21.1,3.469,-39.9,21.0,-0.004                            
1,9144,21.1,3.473,-39.9,19.9,-0.004                            
1,9154,21.1,3.476,-40.1,21.1,-0.004                            
1,9164,21.1,3.480,-40.1,19.9,-0.004                            
1,9174,21.1,3.482,-40.3,21.0,-0.004                            
1,9184,21.1,3.486,-40.3,19.9,-0.004                            
1,9194,21.1,3.489,-40.6,21.0,-0.004                            
1,9204,21.1,3.492,-40.6,19.9,-0.004                            
1,9214,21.1,3.495,-40.8,21.0,-0.004                            
1,9224,21.1,3.499,-40.8,19.9,-0.004                            
1,9234,21.1,3.502,-41.0,21.1,-0.004                            
1,9244,21.1,3.505,-41.0,19.9,-0.004                            
1,9254,21.1,3.508,-41.3,21.1,-0.004                            
1,9264,21.1,3.512,-41.3,19.9,-0.004                            
1,9274,21.1,3.515,-41.5,21.1,-0.004                            
1,9284,21.1,3.518,-41.5,19.9,-0.004                            
1,9294,21.1,3.521,-41.7,21.0,-0.004                            
1,9304,21.1,3.525,-41.8,19.9,-0.004                            
1,9314,21.1,3.528,-42.0,21.1,-0.004                            
1,9324,21.1,3.531,-41.9,19.9,-0.004                            
1,9334,21.1,3.535,-42.2,21.0,-0.004                            
1,9344,21.1,3.538,-42.2,19.9,-0.004                            
1,9354,21.1,3.541,-42.4,21.0,-0.004                            
1,9364,21.1,3.544,-42.5,19.9,-0.004                            
1,9374,21.1,3.547,-42.7,21.0,-0.004                            
1,9384,21.1,3.551,-42.7,19.9,-0.004                            
1,9394,21.1,3.554,-42.9,21.1,-0.004                            
1,9404,21.1,3.558,-42.9,19.9,-0.004                            
1,9414,21.1,3.560,-43.2,21.0,-0.004                            
1,9424,21.1,3.564,-43.1,19.9,-0.004                            
1,9434,21.1,3.567,-43.4,21.1,-0.004                            
1,9444,21.1,3.570,-43.4,19.9,-0.004                            
1,9454,21.1,3.573,-43.6,21.0,-0.004                            
1,9464,21.1,3.577,-43.6,19.9,-0.004                            
1,9474,21.1,3.580,-43.9,21.1,-0.004                            
1,9484,21.1,3.583,-43.9,19.9,-0.004                            
1,9494,21.1,3.586,-44.1,21.1,-0.004                            
1,9504,21.1,3.589,-44.1,19.9,-0.004                            
1,9514,21.1,3.592,-44.4,21.1,-0.004                            
1,9524,21.1,3.596,-44.4,19.9,-0.004                            
1,9534,21.1,3.599,-44.6,21.0,-0.004                            
1,9544,21.1,3.602,-44.6,19.9,-0.004                            
1,9554,21.1,3.605,-44.9,21.1,-0.004                            
1,9564,21.1,3.609,-44.9,19.9,-0.004                            
1,9574,21.1,3.612,-45.1,21.1,-0.004                            
1,9584,21.1,3.615,-45.1,19.9,-0.004                            
1,9594,21.1,3.618,-45.3,21.0,-0.004                            
1,9604,21.1,3.622,-45.4,19.9,-0.004                            
1,9614,21.1,3.625,-45.6,21.1,-0.004                            
1,9624,21.1,3.628,-45.6,19.9,-0.004                            
1,9634,21.1,3.631,-45.9,21.0,-0.004                            
1,9644,21.1,3.635,-45.9,19.9,-0.004                            
1,9654,21.1,3.638,-46.1,21.1,-0.004                            
1,9664,21.1,3.641,-46.1,19.9,-0.004                            
1,9674,21.1,3.644,-46.4,21.1,-0.004                            
1,9684,21.1,3.647,-46.4,19.9,-0.004                            
1,9694,21.1,3.651,-46.6,21.1,-0.004                            
1,9704,21.1,3.654,-46.6,19.9,-0.004                            
1,9714,21.1,3.657,-46.9,21.1,-0.004                            
1,9724,21.1,3.661,-46.9,19.9,-0.004                            
1,9734,21.1,3.664,-47.1,21.1,-0.004                            
1,9744,21.1,3.667,-47.2,19.9,-0.004                            
1,9754,21.1,3.670,-47.4,21.1,-0.004                            
1,9764,21.1,3.674,-47.5,19.9,-0.004                            
1,9774,21.1,3.676,-47.6,21.0,-0.004                            
1,9784,21.1,3.680,-47.7,19.9,-0.004                            
1,9794,21.1,3.683,-47.9,21.1,-0.004                            
1,9804,21.1,3.686,-47.9,19.9,-0.004                            
1,9814,21.1,3.689,-48.2,21.1,-0.004                            
1,9824,21.1,3.693,-48.2,19.9,-0.004                            
1,9834,21.1,3.696,-48.4,21.0,-0.004                            
1,9844,21.1,3.699,-48.4,19.9,-0.004                            
1,9854,21.1,3.702,-48.7,21.1,-0.004                            
1,9864,21.1,3.705,-48.7,19.9,-0.004                            
1,9874,21.1,3.708,-48.9,21.0,-0.004                            
1,9884,21.1,3.712,-48.9,19.9,-0.004                            
1,9894,21.1,3.715,-49.2,21.1,-0.004                            
1,9904,21.1,3.718,-49.2,19.9,-0.004                            
1,9914,21.1,3.721,-49.5,21.1,-0.004                            
1,9924,21.1,3.724,-49.5,19.9,-0.004                            
1,9934,21.1,3.728,-49.8,21.1,-0.004                            
1,9944,21.1,3.731,-49.8,19.9,-0.004                            
1,9954,21.1,3.734,-50.0,21.1,-0.004                            
1,9964,21.1,3.737,-50.0,19.9,-0.004                            
1,9974,21.1,3.741,-50.3,21.1,-0.004                            
1,9984,21.1,3.744,-50.3,19.9,-0.004                            
1,9994,21.1,3.747,-50.6,21.1,-0.004                            
1,10004,21.1,3.750,-50.6,19.9,-0.004                           
1,10014,21.1,3.753,-50.8,21.1,-0.004                           
1,10024,21.1,3.756,-50.8,19.9,-0.004                           
1,10034,21.1,3.759,-51.1,21.0,-0.004                           
1,10044,21.1,3.763,-51.1,19.9,-0.004                           
1,10054,21.1,3.766,-51.4,21.1,-0.004                           
1,10064,21.1,3.769,-51.4,19.9,-0.004                           
1,10074,21.1,3.773,-51.6,21.1,-0.004                           
1,10084,21.1,3.776,-51.6,19.9,-0.004                           
1,10094,21.1,3.779,-51.9,21.1,-0.004                           
1,10104,21.1,3.782,-52.0,19.9,-0.004                           
1,10114,21.1,3.785,-52.2,21.1,-0.004                           
1,10124,21.1,3.789,-52.2,19.9,-0.004                           
1,10134,21.1,3.792,-52.5,21.0,-0.004                           
1,10144,21.1,3.795,-52.5,19.9,-0.004                           
1,10154,21.1,3.798,-52.8,21.1,-0.004                           
1,10164,21.1,3.801,-52.8,19.9,-0.004                           
1,10174,21.1,3.804,-53.0,21.1,-0.004                           
1,10184,21.1,3.808,-53.0,19.9,-0.004                           
1,10194,21.1,3.811,-53.3,21.1,-0.004                           
1,10204,21.1,3.814,-53.3,19.9,-0.004                           
1,10214,21.1,3.817,-53.6,21.1,-0.004                           
1,10224,21.1,3.821,-53.6,19.9,-0.004                           
1,10234,21.1,3.824,-53.9,21.1,-0.004                           
1,10244,21.1,3.827,-53.9,19.9,-0.004                           
1,10254,21.1,3.830,-54.2,21.1,-0.004                           
1,10264,21.1,3.834,-54.2,19.9,-0.004                           
1,10274,21.1,3.836,-54.5,21.1,-0.004                           
1,10284,21.1,3.840,-54.5,19.9,-0.004                           
1,10294,21.1,3.843,-54.8,21.1,-0.004                           
1,10304,21.1,3.847,-54.7,19.9,-0.004                           
1,10314,21.1,3.849,-55.0,21.1,-0.004                           
1,10324,21.1,3.853,-55.0,19.9,-0.004                           
1,10334,21.1,3.856,-55.3,21.1,-0.004                           
1,10344,21.1,3.859,-55.3,19.9,-0.004                           
1,10354,21.1,3.862,-55.6,21.1,-0.004                           
1,10364,21.1,3.865,-55.6,19.9,-0.004                           
1,10374,21.1,3.868,-55.9,21.1,-0.004                           
1,10384,21.1,3.872,-55.9,19.9,-0.004                           
1,10394,21.1,3.875,-56.2,21.1,-0.004                           
1,10404,21.1,3.878,-56.2,19.9,-0.004                           
1,10414,21.1,3.881,-56.5,21.1,-0.004                           
1,10424,21.1,3.885,-56.5,19.9,-0.004                           
1,10434,21.1,3.887,-56.8,21.1,-0.004                           
1,10444,21.1,3.891,-56.8,19.9,-0.004                           
1,10454,21.1,3.894,-57.1,21.1,-0.004                           
1,10464,21.1,3.897,-57.1,19.8,-0.004                           
1,10474,21.1,3.900,-57.4,21.1,-0.004                           
1,10484,21.1,3.903,-57.4,19.9,-0.004                           
1,10494,21.1,3.906,-57.7,21.1,-0.004                           
1,10504,21.1,3.910,-57.7,19.9,-0.004                           
1,10514,21.1,3.913,-58.0,21.1,-0.004                           
1,10524,21.1,3.917,-58.0,19.9,-0.004                           
1,10534,21.1,3.919,-58.3,21.1,-0.004                           
1,10544,21.1,3.923,-58.3,19.9,-0.004                           
1,10554,21.1,3.925,-58.6,21.1,-0.004                           
1,10564,21.1,3.929,-58.6,19.9,-0.004                           
1,10574,21.1,3.932,-58.9,21.1,-0.004                           
1,10584,21.1,3.935,-58.9,19.9,-0.004                           
1,10594,21.1,3.938,-59.3,21.1,-0.004                           
1,10604,21.1,3.942,-59.3,19.9,-0.004                           
1,10614,21.1,3.945,-59.5,21.1,-0.004                           
1,10624,21.1,3.948,-59.6,19.9,-0.004                           
1,10634,21.1,3.951,-59.9,21.1,-0.004                           
1,10644,21.1,3.954,-59.9,19.8,-0.004                           
1,10654,21.1,3.957,-60.2,21.1,-0.004                           
1,10664,21.1,3.960,-60.2,19.9,-0.004                           
1,10674,21.1,3.963,-60.5,21.1,-0.004                           
1,10684,21.1,3.967,-60.5,19.9,-0.004                           
1,10694,21.1,3.970,-60.8,21.1,-0.004                           
1,10704,21.1,3.973,-60.9,19.9,-0.004                           
1,10714,21.1,3.976,-61.1,21.1,-0.004                           
1,10724,21.1,3.979,-61.1,19.9,-0.004                           
1,10734,21.1,3.982,-61.5,21.1,-0.004                           
1,10744,21.1,3.986,-61.5,19.9,-0.004                           
1,10754,21.1,3.989,-61.8,21.1,-0.004                           
1,10764,21.1,3.992,-61.8,19.8,-0.004                           
1,10774,21.1,3.995,-62.2,21.1,-0.004                           
1,10784,21.1,3.998,-62.1,19.9,-0.004                           
1,10794,21.1,4.001,-62.4,21.1,-0.004                           
1,10804,21.1,4.004,-62.5,19.9,-0.004                           
1,10814,21.1,4.008,-62.7,21.1,-0.004                           
1,10824,21.1,4.011,-62.8,19.9,-0.004                           
1,10834,21.1,4.014,-63.1,21.1,-0.004                           
1,10844,21.1,4.017,-63.1,19.9,-0.004                           
1,10854,21.1,4.020,-63.4,21.1,-0.004                           
1,10864,21.1,4.023,-63.5,19.9,-0.004                           
1,10874,21.1,4.026,-63.7,21.1,-0.004                           
1,10884,21.1,4.030,-63.7,19.8,-0.004                           
1,10894,21.1,4.033,-64.0,21.1,-0.004                           
1,10904,21.1,4.036,-64.1,19.8,-0.004                           
1,10914,21.1,4.039,-64.4,21.1,-0.004                           
1,10924,21.1,4.042,-64.4,19.8,-0.004                           
1,10934,21.1,4.045,-64.8,21.1,-0.004                           
1,10944,21.1,4.048,-64.8,19.8,-0.004                           
1,10954,21.1,4.051,-65.1,21.1,-0.004                           
1,10964,21.1,4.055,-65.1,19.8,-0.004                           
1,10974,21.1,4.057,-65.4,21.1,-0.004                           
1,10984,21.1,4.061,-65.5,19.9,-0.004                           
1,10994,21.1,4.064,-65.8,21.1,-0.004                           
1,11004,21.1,4.067,-65.8,19.8,-0.004                           
1,11014,21.1,4.070,-66.2,21.2,-0.004                           
1,11024,21.1,4.074,-66.1,19.9,-0.004                           
1,11034,21.1,4.076,-66.4,21.1,-0.004                           
1,11044,21.1,4.080,-66.5,19.9,-0.004                           
1,11054,21.1,4.083,-66.8,21.1,-0.004                           
1,11064,21.1,4.086,-66.8,19.9,-0.004                           
1,11074,21.1,4.090,-67.2,21.1,-0.004                           
1,11084,21.1,4.093,-67.2,19.9,-0.004                           
1,11094,21.1,4.096,-67.5,21.2,-0.004                           
1,11104,21.1,4.099,-67.5,19.8,-0.004                           
1,11114,21.1,4.102,-67.9,21.1,-0.004                           
1,11124,21.1,4.105,-67.9,19.8,-0.004                           
1,11134,21.1,4.108,-68.2,21.2,-0.004                           
1,11144,21.1,4.112,-68.2,19.8,-0.004                           
1,11154,21.1,4.115,-68.6,21.2,-0.004                           
1,11164,21.1,4.118,-68.6,19.9,-0.004                           
1,11174,21.1,4.121,-69.0,21.1,-0.004                           
1,11184,21.1,4.125,-68.9,19.8,-0.004                           
1,11194,21.1,4.127,-69.3,21.2,-0.004                           
1,11204,21.1,4.130,-69.3,19.8,-0.004                           
1,11214,21.1,4.133,-69.7,21.2,-0.004                           
1,11224,21.1,4.136,-69.7,19.8,-0.004                           
1,11234,21.1,4.139,-70.0,21.1,-0.004                           
1,11244,21.1,4.143,-70.0,19.8,-0.004                           
1,11254,21.1,4.146,-70.4,21.2,-0.004                           
1,11264,21.1,4.149,-70.4,19.8,-0.004                           
1,11274,21.1,4.152,-70.7,21.2,-0.004                           
1,11284,21.1,4.155,-70.8,19.8,-0.004                           
1,11294,21.1,4.158,-71.1,21.2,-0.004                           
1,11304,21.1,4.161,-71.1,19.8,-0.004                           
1,11314,21.1,4.164,-71.5,21.1,-0.004                           
1,11324,21.1,4.168,-71.5,19.8,-0.004                           
1,11334,21.1,4.170,-71.8,21.2,-0.004                           
1,11344,21.1,4.174,-71.9,19.8,-0.004                           
1,11354,21.1,4.177,-72.2,21.2,-0.004                           
1,11364,21.1,4.180,-72.2,19.8,-0.004                           
1,11374,21.1,4.183,-72.6,21.2,-0.004                           
1,11384,21.1,4.186,-72.6,19.8,-0.004                           
1,11394,21.1,4.189,-73.0,21.2,-0.004                           
1,11404,21.1,4.193,-73.0,19.8,-0.004                           
1,11414,21.1,4.195,-73.4,21.2,-0.004                           
1,11424,21.1,4.199,-73.3,19.8,-0.004                           
1,11434,21.1,4.202,-73.7,21.2,-0.004                           
1,11444,21.1,4.205,-73.8,19.8,-0.004                           
1,11454,21.1,4.208,-74.1,21.2,-0.004                           
1,11464,21.1,4.211,-74.1,19.8,-0.004                           
1,11474,21.1,4.214,-74.5,21.2,-0.004                           
1,11484,21.1,4.218,-74.5,19.8,-0.004                           
1,11494,21.1,4.220,-74.9,21.2,-0.004                           
1,11504,21.1,4.224,-74.9,19.7,-0.004                           
1,11514,21.1,4.227,-75.3,21.2,-0.004                           
1,11524,21.1,4.230,-75.3,19.7,-0.004                           
1,11534,21.1,4.233,-75.6,21.3,-0.004                           
1,11544,21.1,4.236,-75.7,19.7,-0.004                           
1,11554,21.1,4.239,-76.1,21.3,-0.004                           
1,11564,21.1,4.242,-76.0,19.7,-0.004                           
1,11574,21.1,4.245,-76.4,21.3,-0.004                           
1,11584,21.1,4.248,-76.4,19.7,-0.004                           
1,11594,21.1,4.251,-76.9,21.3,-0.004                           
1,11604,21.1,4.255,-77.0,19.7,-0.004                           
1,11614,21.1,4.258,-77.3,21.3,-0.004                           
1,11624,21.1,4.261,-77.2,19.7,-0.004                           
1,11634,21.1,4.264,-77.7,21.3,-0.004                           
1,11644,21.1,4.267,-77.7,19.7,-0.004                           
1,11654,21.1,4.270,-78.2,21.3,-0.004                           
1,11664,21.1,4.273,-78.1,19.7,-0.004                           
1,11674,21.1,4.276,-78.5,21.3,-0.004                           
1,11684,21.1,4.279,-78.5,19.6,-0.004                           
1,11694,21.1,4.282,-78.9,21.3,-0.004                           
1,11704,21.1,4.286,-78.9,19.7,-0.004                           
1,11714,21.1,4.288,-79.3,21.3,-0.004                           
1,11724,21.1,4.292,-79.3,19.6,-0.004                           
1,11734,21.1,4.295,-79.8,21.3,-0.004                           
1,11744,21.1,4.298,-79.7,19.6,-0.004                           
1,11754,21.1,4.301,-80.1,21.3,-0.004                           
1,11764,21.1,4.304,-80.1,19.6,-0.004                           
1,11774,21.1,4.307,-80.6,21.4,-0.004                           
1,11784,21.1,4.310,-80.5,19.6,-0.004                           
1,11794,21.1,4.313,-80.9,21.4,-0.004                           
1,11804,21.1,4.317,-81.0,19.6,-0.004                           
1,11814,21.1,4.320,-81.4,21.4,-0.004                           
1,11824,21.1,4.323,-81.4,19.6,-0.004                           
1,11834,21.1,4.326,-81.9,21.4,-0.004                           
1,11844,21.1,4.329,-81.9,19.6,-0.004                           
1,11854,21.1,4.332,-82.3,21.4,-0.004                           
1,11864,21.1,4.335,-82.3,19.6,-0.004                           
1,11874,21.1,4.338,-82.8,21.4,-0.004                           
1,11884,21.1,4.341,-82.7,19.6,-0.004                           
1,11894,21.1,4.344,-83.1,21.4,-0.004                           
1,11904,21.1,4.347,-83.1,19.5,-0.004                           
1,11914,21.1,4.350,-83.6,21.4,-0.004                           
1,11924,21.1,4.353,-83.6,19.5,-0.004                           
1,11934,21.1,4.356,-84.0,21.4,-0.004                           
1,11944,21.1,4.359,-84.0,19.6,-0.004                           
1,11954,21.1,4.362,-84.4,21.4,-0.004                           
1,11964,21.1,4.365,-84.5,19.6,-0.004                           
1,11974,21.1,4.368,-84.9,21.4,-0.004                           
1,11984,21.1,4.372,-84.9,19.6,-0.004                           
1,11994,21.1,4.374,-85.4,21.4,-0.004                           
1,12004,21.1,4.378,-85.3,19.5,-0.004                           
1,12014,21.1,4.381,-85.8,21.4,-0.004                           
1,12024,21.1,4.384,-85.8,19.6,-0.004                           
1,12034,21.1,4.387,-86.3,21.5,-0.004                           
1,12044,21.1,4.390,-86.3,19.6,-0.004                           
1,12054,21.1,4.393,-86.7,21.5,-0.004                           
1,12064,21.1,4.396,-86.8,19.6,-0.004                           
1,12074,21.1,4.398,-87.2,21.4,-0.004                           
1,12084,21.1,4.402,-87.2,19.9,-0.004                           
1,12094,21.1,4.404,-87.7,21.7,-0.004                           
1,12104,21.1,4.408,-87.7,19.7,-0.004                           
1,12114,21.1,4.410,-88.0,21.9,-0.004                           
1,12124,21.1,4.414,-88.2,19.6,-0.004                           
1,12134,21.1,4.416,-88.5,22.4,-0.004                           
1,12144,21.1,4.420,-88.7,19.5,-0.004                           
1,12154,21.1,4.423,-89.0,22.7,-0.004                           
1,12164,21.1,4.426,-89.1,19.5,-0.004                           
1,12174,21.1,4.428,-89.4,23.0,-0.004                           
1,12184,21.1,4.432,-89.6,19.7,-0.004                           
1,12194,21.1,4.435,-89.9,23.2,-0.004                           
1,12204,21.1,4.438,-90.1,19.7,-0.004                           
1,12214,21.1,4.441,-90.4,23.7,-0.004                           
1,12224,21.1,4.444,-90.5,19.7,-0.004                           
1,12234,21.1,4.447,-90.8,24.1,-0.004                           
1,12244,21.1,4.450,-91.0,19.4,-0.004                           
1,12254,21.1,4.453,-91.4,24.6,-0.004                           
1,12264,21.1,4.456,-91.5,19.6,-0.004                           
1,12274,21.1,4.459,-91.8,25.1,-0.004                           
1,12284,21.1,4.462,-92.0,19.5,-0.004                           
1,12294,21.1,4.465,-92.2,25.3,-0.004                           
1,12304,21.1,4.468,-92.5,19.6,-0.004                           
1,12314,21.1,4.471,-92.7,25.6,-0.004                           
1,12324,21.1,4.474,-93.0,19.7,-0.004                           
1,12334,21.1,4.477,-93.2,25.9,-0.004                           
1,12344,21.1,4.480,-93.4,19.8,-0.004                           
1,12354,21.1,4.483,-93.8,26.0,-0.004                           
1,12364,21.1,4.486,-93.9,20.0,-0.004                           
1,12374,21.1,4.489,-94.2,26.2,-0.004                           
1,12384,21.1,4.492,-94.5,19.9,-0.004                           
1,12394,21.1,4.495,-94.7,26.3,-0.004                           
1,12404,21.1,4.498,-95.0,20.1,-0.004                           
1,12414,21.1,4.501,-95.3,26.4,-0.004                           
1,12424,21.1,4.504,-95.4,20.2,-0.004                           
1,12434,21.1,4.507,-95.8,26.7,-0.004                           
1,12444,21.1,4.510,-96.0,20.3,-0.004                           
1,12454,21.1,4.513,-96.2,26.8,-0.004                           
1,12464,21.1,4.516,-96.5,20.4,-0.004                           
1,12474,21.1,4.519,-96.7,27.0,-0.004                           
1,12484,21.1,4.522,-97.1,20.4,-0.004                           
1,12494,21.1,4.525,-97.3,27.1,-0.004                           
1,12504,21.1,4.528,-97.5,20.5,-0.004                           
1,12514,21.1,4.531,-97.8,27.2,-0.004                           
1,12524,21.1,4.534,-98.1,20.6,-0.004                           
1,12534,21.1,4.537,-98.2,27.3,-0.004                           
1,12544,21.1,4.540,-98.5,20.6,-0.004                           
1,12554,21.1,4.544,-98.9,27.5,-0.004                           
1,12564,21.1,4.547,-99.0,20.6,-0.004                           
1,12574,21.1,4.549,-99.4,27.5,-0.004                           
1,12584,21.1,4.553,-99.5,20.7,-0.004                           
1,12594,21.1,4.556,-99.8,27.7,-0.004                           
1,12604,21.1,4.559,-100.1,20.7,-0.004                          
1,12614,21.1,4.561,-100.4,27.9,-0.004                          
1,12624,21.1,4.565,-100.6,20.9,-0.004                          
1,12634,21.1,4.568,-100.9,27.9,-0.004                          
1,12644,21.1,4.571,-101.1,20.9,-0.004                          
1,12654,21.1,4.574,-101.4,27.9,-0.004                          
1,12664,21.1,4.577,-101.6,20.9,-0.004                          
1,12674,21.1,4.580,-102.0,28.1,-0.004                          
1,12684,21.1,4.583,-102.1,21.0,-0.004                          
1,12694,21.1,4.586,-102.5,28.2,-0.004                          
1,12704,21.1,4.589,-102.8,21.0,-0.004                          
1,12714,21.1,4.592,-103.1,28.3,-0.004                          
1,12724,21.1,4.595,-103.4,21.1,-0.004                          
1,12734,21.1,4.598,-103.6,28.4,-0.004                          
1,12744,21.1,4.601,-103.8,21.1,-0.004                          
1,12754,21.1,4.604,-104.2,28.5,-0.004                          
1,12764,21.1,4.607,-104.4,21.1,-0.004                          
1,12774,21.1,4.610,-104.7,28.6,-0.004                          
1,12784,21.1,4.613,-105.0,21.2,-0.004                          
1,12794,21.1,4.616,-105.2,28.6,-0.004                          
1,12804,21.1,4.619,-105.5,21.3,-0.004                          
1,12814,21.1,4.622,-105.8,28.7,-0.004                          
1,12824,21.1,4.625,-106.1,21.1,-0.004                          
1,12834,21.1,4.628,-106.3,28.8,-0.004                          
1,12844,21.1,4.631,-106.6,21.2,-0.004                          
1,12854,21.1,4.634,-106.9,28.8,-0.004                          
1,12864,21.1,4.637,-107.2,21.2,-0.004                          
1,12874,21.1,4.640,-107.5,28.9,-0.004                          
1,12884,21.1,4.643,-107.7,21.4,-0.004                          
1,12894,21.1,4.646,-108.0,28.9,-0.004                          
1,12904,21.1,4.649,-108.3,21.4,-0.004                          
1,12914,21.1,4.652,-108.6,29.0,-0.004                          
1,12924,21.1,4.655,-108.9,21.3,-0.004                          
1,12934,21.1,4.657,-109.2,29.2,-0.004                          
1,12944,21.1,4.661,-109.5,21.4,-0.004                          
1,12954,21.1,4.663,-109.7,29.3,-0.004                          
1,12964,21.1,4.667,-110.1,21.4,-0.004                          
1,12974,21.1,4.669,-110.3,29.2,-0.004                          
1,12984,21.1,4.673,-110.6,21.4,-0.004                          
1,12994,21.1,4.675,-111.0,29.3,-0.004                          
1,13004,21.1,4.679,-111.3,21.4,-0.004                          
1,13014,21.1,4.682,-111.6,29.3,-0.004                          
1,13024,21.1,4.684,-111.9,21.5,-0.004                          
1,13034,21.1,4.687,-112.1,29.4,-0.004                          
1,13044,21.1,4.690,-112.5,21.6,-0.004                          
1,13054,21.1,4.693,-112.8,29.4,-0.004                          
1,13064,21.1,4.696,-113.0,21.6,-0.004                          
1,13074,21.1,4.699,-113.3,29.5,-0.004                          
1,13084,21.1,4.702,-113.7,21.5,-0.004                          
1,13094,21.1,4.705,-114.0,29.6,-0.004                          
1,13104,21.1,4.708,-114.3,21.6,-0.004                          
1,13114,21.1,4.711,-114.6,29.6,-0.004                          
1,13124,21.1,4.714,-114.8,21.6,-0.004                          
1,13134,21.1,4.717,-115.2,29.7,-0.004                          
1,13144,21.1,4.720,-115.5,21.6,-0.004                          
1,13154,21.1,4.723,-115.8,29.7,-0.004                          
1,13164,21.1,4.725,-116.0,21.6,-0.004                          
1,13174,21.1,4.728,-116.3,29.8,-0.004                          
1,13184,21.1,4.731,-116.7,21.7,-0.004                          
1,13194,21.1,4.734,-117.1,29.7,-0.004                          
1,13204,21.1,4.737,-117.4,21.7,-0.004                          
1,13214,21.1,4.740,-117.7,29.9,-0.004                          
1,13224,21.1,4.743,-118.0,21.7,-0.004                          
1,13234,21.1,4.746,-118.2,29.9,-0.004                          
1,13244,21.1,4.749,-118.5,21.7,-0.004                          
1,13254,21.1,4.752,-118.9,30.0,-0.004                          
1,13264,21.1,4.755,-119.3,21.6,-0.004                          
1,13274,21.1,4.758,-119.7,30.0,-0.004                          
1,13284,21.1,4.761,-119.8,21.6,-0.004                          
1,13294,21.1,4.764,-120.3,30.0,-0.004                          
1,13304,21.1,4.767,-120.5,21.8,-0.004                          
1,13314,21.1,4.770,-120.8,30.2,-0.004                          
1,13324,21.1,4.773,-121.1,21.8,-0.004                          
1,13334,21.1,4.776,-121.5,30.1,-0.004                          
1,13344,21.1,4.779,-121.8,21.7,-0.004                          
1,13354,21.1,4.782,-122.2,30.2,-0.004                          
1,13364,21.1,4.785,-122.5,21.6,-0.004                          
1,13374,21.1,4.788,-122.8,30.3,-0.004                          
1,13384,21.1,4.791,-123.1,21.7,-0.004                          
1,13394,21.1,4.793,-123.5,30.2,-0.004                          
1,13404,21.1,4.797,-123.7,21.8,-0.004                          
1,13414,21.1,4.799,-124.2,30.3,-0.004                          
1,13424,21.1,4.803,-124.5,21.7,-0.004                          
1,13434,21.1,4.805,-124.7,30.3,-0.004                          
1,13444,21.1,4.809,-125.1,21.8,-0.004                          
1,13454,21.1,4.811,-125.5,30.3,-0.004                          
1,13464,21.1,4.814,-125.8,21.8,-0.004                          
1,13474,21.1,4.817,-126.1,30.4,-0.004                          
1,13484,21.1,4.820,-126.5,21.7,-0.004                          
1,13494,21.1,4.823,-126.7,30.4,-0.004                          
1,13504,21.1,4.826,-127.1,21.8,-0.004                          
1,13514,21.1,4.829,-127.5,30.5,-0.004                          
1,13524,21.1,4.832,-127.8,21.8,-0.004                          
1,13534,21.1,4.835,-128.1,30.5,-0.004                          
1,13544,21.1,4.837,-128.4,21.8,-0.004                          
1,13554,21.1,4.840,-128.9,30.5,-0.004                          
1,13564,21.1,4.843,-129.3,21.8,-0.004                          
1,13574,21.1,4.846,-129.6,30.6,-0.004                          
1,13584,21.1,4.849,-130.0,21.8,-0.004                          
1,13594,21.1,4.852,-130.3,30.6,-0.004                          
1,13604,21.1,4.855,-130.6,21.8,-0.004                          
1,13614,21.1,4.858,-130.9,30.6,-0.004                          
1,13624,21.1,4.861,-131.3,21.9,-0.004                          
1,13634,21.1,4.864,-131.6,30.8,-0.004                          
1,13644,21.1,4.867,-132.1,21.7,-0.004                          
1,13654,21.1,4.870,-132.4,30.7,-0.004                          
1,13664,21.1,4.873,-132.7,21.8,-0.004                          
1,13674,21.1,4.875,-133.0,30.7,-0.004                          
1,13684,21.1,4.878,-133.5,21.9,-0.004                          
1,13694,21.1,4.881,-133.9,30.8,-0.004                          
1,13704,21.1,4.884,-134.1,21.8,-0.004                          
1,13714,21.1,4.887,-134.5,30.8,-0.004                          
1,13724,21.1,4.890,-134.8,21.8,-0.004                          
1,13734,21.1,4.893,-135.2,30.8,-0.004                          
1,13744,21.1,4.896,-135.6,21.7,-0.004                          
1,13754,21.1,4.899,-135.9,30.8,-0.004                          
1,13764,21.1,4.902,-136.2,21.8,-0.004                          
1,13774,21.1,4.904,-136.6,30.8,-0.004                          
1,13784,21.1,4.908,-136.9,21.8,-0.004                          
1,13794,21.1,4.910,-137.5,30.9,-0.004                          
1,13804,21.1,4.913,-137.8,21.9,-0.004                          
1,13814,21.1,4.916,-138.2,31.0,-0.004                          
1,13824,21.1,4.919,-138.6,21.9,-0.004                          
1,13834,21.1,4.922,-138.9,31.0,-0.004                          
1,13844,21.1,4.925,-139.2,21.9,-0.004                          
1,13854,21.1,4.928,-139.7,30.9,-0.004                          
1,13864,21.1,4.930,-140.0,21.9,-0.004                          
1,13874,21.1,4.934,-140.5,31.0,-0.004                          
1,13884,21.1,4.937,-140.8,21.8,-0.004                          
1,13894,21.1,4.939,-141.2,31.0,-0.004                          
1,13904,21.1,4.942,-141.6,21.9,-0.004                          
1,13914,21.1,4.945,-142.0,31.1,-0.004                          
1,13924,21.1,4.948,-142.3,21.9,-0.004                          
1,13934,21.1,4.951,-142.7,31.1,-0.004                          
1,13944,21.1,4.954,-142.9,21.8,-0.004                          
1,13954,21.1,4.957,-143.5,31.1,-0.004                          
1,13964,21.1,4.959,-143.8,21.7,-0.004                          
1,13974,21.1,4.962,-144.2,31.1,-0.004                          
1,13984,21.1,4.965,-144.7,21.9,-0.004                          
1,13994,21.1,4.968,-144.9,31.1,-0.004                          
1,14004,21.1,4.971,-145.3,21.8,-0.004                          
1,14014,21.1,4.974,-145.8,31.2,-0.004                          
1,14024,21.1,4.977,-146.0,21.9,-0.004                          
1,14034,21.1,4.980,-146.6,31.2,-0.004                          
1,14044,21.1,4.982,-147.0,21.8,-0.004                          
1,14054,21.1,4.985,-147.5,31.1,-0.004                          
1,14064,21.1,4.988,-147.7,21.9,-0.004                          
1,14074,21.1,4.991,-148.2,31.2,-0.004                          
1,14084,21.1,4.994,-148.5,21.9,-0.004                          
1,14094,21.1,4.997,-149.2,31.2,-0.004                          
1,14104,21.1,4.999,-149.4,21.8,-0.004                          
1,14114,21.1,5.002,-149.8,31.3,-0.004                          
1,14124,21.1,5.005,-150.1,21.9,-0.004                          
1,14134,21.1,5.008,-150.4,31.3,-0.004                          
1,14144,21.1,5.011,-151.0,21.9,-0.004                          
1,14154,21.1,5.014,-151.5,31.3,-0.004                          
1,14164,21.1,5.017,-151.8,21.8,-0.004                          
1,14174,21.1,5.020,-152.0,31.3,-0.004                          
1,14184,21.1,5.023,-152.6,21.7,-0.004                          
1,14194,21.1,5.025,-152.8,31.4,-0.004                          
1,14204,21.1,5.028,-153.3,21.9,-0.004                          
1,14214,21.1,5.031,-153.8,31.4,-0.004                          
1,14224,21.1,5.034,-154.3,21.9,-0.004                          
1,14234,21.1,5.037,-154.6,31.3,-0.004                          
1,14244,21.1,5.040,-154.9,21.8,-0.004                          
1,14254,21.1,5.043,-155.4,31.4,-0.004                          
1,14264,21.1,5.045,-155.9,21.8,-0.004                          
1,14274,21.1,5.048,-156.3,31.5,-0.004                          
1,14284,21.1,5.051,-156.8,21.9,-0.004                          
1,14294,21.1,5.054,-157.2,31.5,-0.004                          
1,14304,21.1,5.057,-157.5,21.9,-0.004                          
1,14314,21.1,5.060,-158.0,31.4,-0.004                          
1,14324,21.1,5.062,-158.3,21.9,-0.004                          
1,14334,21.1,5.065,-158.8,31.5,-0.004                          
1,14344,21.1,5.068,-159.2,21.9,-0.004                          
1,14354,21.1,5.071,-159.6,31.5,-0.004                          
1,14364,21.1,5.074,-160.0,21.8,-0.004                          
1,14374,21.1,5.077,-160.6,31.6,-0.004                          
1,14384,21.1,5.079,-160.9,21.9,-0.004                          
1,14394,21.1,5.082,-161.4,31.5,-0.004                          
1,14404,21.1,5.085,-161.7,21.9,-0.004                          
1,14414,21.1,5.088,-162.3,31.5,-0.004                          
1,14424,21.1,5.091,-162.7,21.9,-0.004                          
1,14434,21.1,5.093,-163.1,31.5,-0.004                          
1,14444,21.1,5.097,-163.5,21.9,-0.004                          
1,14454,21.1,5.100,-164.0,31.6,-0.004                          
1,14464,21.1,5.103,-164.5,21.9,-0.004                          
1,14474,21.1,5.105,-164.9,31.6,-0.004                          
1,14484,21.1,5.109,-165.4,21.9,-0.004                          
1,14494,21.1,5.111,-166.0,31.5,-0.004                          
1,14504,21.1,5.114,-166.1,21.6,-0.004                          
1,14514,21.1,5.117,-166.8,31.6,-0.004                          
1,14524,21.1,5.119,-167.2,21.9,-0.004                          
1,14534,21.1,5.123,-167.6,31.6,-0.004                          
1,14544,21.1,5.125,-168.0,21.9,-0.004                          
1,14554,21.1,5.128,-168.4,31.7,-0.004                          
1,14564,21.1,5.131,-168.9,21.9,-0.004                          
1,14574,21.1,5.134,-169.4,31.6,-0.004                          
1,14584,21.1,5.137,-169.7,22.0,-0.004                          
1,14594,21.1,5.139,-170.4,31.6,-0.004                          
1,14604,21.1,5.142,-170.7,22.0,-0.004                          
1,14614,21.1,5.145,-171.2,31.6,-0.004                          
1,14624,21.1,5.148,-171.7,21.9,-0.004                          
1,14634,21.1,5.151,-172.2,31.7,-0.004                          
1,14644,21.1,5.154,-172.6,22.0,-0.004                          
1,14654,21.1,5.156,-173.1,31.7,-0.004                          
1,14664,21.1,5.159,-173.6,21.9,-0.004                          
1,14674,21.1,5.162,-174.1,31.7,-0.004                          
1,14684,21.1,5.165,-174.5,21.9,-0.004                          
1,14694,21.1,5.168,-175.0,31.8,-0.004                          
1,14704,21.1,5.170,-175.3,21.9,-0.004                          
1,14714,21.1,5.174,-175.9,31.7,-0.004                          
1,14724,21.1,5.176,-176.3,22.0,-0.004                          
1,14734,21.1,5.179,-176.8,31.7,-0.004                          
1,14744,21.1,5.182,-177.3,21.9,-0.004                          
1,14754,21.1,5.185,-177.7,31.8,-0.004                          
1,14764,21.1,5.188,-178.3,21.9,-0.004                          
1,14774,21.1,5.190,-178.8,31.7,-0.004                          
1,14784,21.1,5.193,-179.2,21.9,-0.004                          
1,14794,21.1,5.196,-179.7,31.8,-0.004                          
1,14804,21.1,5.199,-180.3,22.0,-0.004                          
1,14814,21.1,5.202,-180.6,31.7,-0.004                          
1,14824,21.1,5.205,-181.0,22.0,-0.004                          
1,14834,21.1,5.207,-181.6,31.8,-0.004                          
1,14844,21.1,5.210,-182.2,22.0,-0.004                          
1,14854,21.1,5.213,-182.6,31.8,-0.004                          
1,14864,21.1,5.216,-183.1,22.0,-0.004                          
1,14874,21.1,5.219,-183.7,31.8,-0.004                          
1,14884,21.1,5.221,-184.0,21.9,-0.004                          
1,14894,21.1,5.224,-184.5,31.8,-0.004                          
1,14904,21.1,5.227,-185.0,21.9,-0.004                          
1,14914,21.1,5.230,-185.6,31.8,-0.004                          
1,14924,21.1,5.233,-186.1,22.0,-0.004                          
1,14934,21.1,5.236,-186.6,31.8,-0.004                          
1,14944,21.1,5.238,-187.1,21.9,-0.004                          
1,14954,21.1,5.241,-187.6,31.9,-0.004                          
1,14964,21.1,5.244,-188.1,21.9,-0.004                          
1,14974,21.1,5.247,-188.5,31.9,-0.004                          
1,14984,21.1,5.250,-189.2,22.0,-0.004                          
1,14994,21.1,5.253,-189.4,31.8,-0.004                          
1,15004,21.1,5.256,-190.2,21.9,-0.004                          
1,15014,21.1,5.259,-190.6,31.9,-0.004                          
1,15024,21.1,5.261,-191.2,22.0,-0.004                          
1,15034,21.1,5.264,-191.7,31.9,-0.004                          
1,15044,21.1,5.267,-192.1,21.4,-0.004                          
1,15054,21.1,5.269,-192.8,32.0,-0.004                          
1,15064,21.1,5.272,-193.3,22.0,-0.004                          
1,15074,21.1,5.275,-193.7,32.0,-0.004                          
1,15084,21.1,5.278,-194.3,22.0,-0.004                          
1,15094,21.1,5.281,-194.8,31.9,-0.004                          
1,15104,21.1,5.283,-195.2,22.0,-0.004                          
1,15114,21.1,5.286,-195.7,32.0,-0.004                          
1,15124,21.1,5.289,-196.4,22.0,-0.004                          
1,15134,21.1,5.292,-196.7,32.0,-0.004                          
1,15144,21.1,5.294,-197.3,21.9,-0.004                          
1,15154,21.1,5.298,-198.1,32.1,-0.004                          
1,15164,21.1,5.300,-198.5,22.1,-0.004                          
1,15174,21.1,5.303,-199.0,32.1,-0.004                          
1,15184,21.1,5.306,-199.5,21.6,-0.004                          
1,15194,21.1,5.309,-200.0,32.0,-0.004                          
1,15204,21.1,5.312,-200.8,22.0,-0.004                          
1,15214,21.1,5.314,-201.1,32.1,-0.004                          
1,15224,21.1,5.318,-201.6,21.9,-0.004                          
1,15234,21.1,5.320,-202.3,32.0,-0.004                          
1,15244,21.1,5.323,-202.7,22.0,-0.004                          
1,15254,21.1,5.325,-203.1,32.0,-0.004                          
1,15264,21.1,5.328,-203.8,22.0,-0.004                          
1,15274,21.1,5.331,-204.2,32.0,-0.004                          
1,15284,21.1,5.334,-204.9,22.0,-0.004                          
1,15294,21.1,5.337,-205.5,32.1,-0.004                          
1,15304,21.1,5.339,-206.1,21.9,-0.004                          
1,15314,21.1,5.343,-206.4,32.2,-0.004                          
1,15324,21.1,5.345,-207.0,21.9,-0.004                          
1,15334,21.1,5.348,-207.8,32.0,-0.004                          
1,15344,21.1,5.351,-208.2,22.0,-0.004                          
1,15354,21.1,5.353,-208.9,32.0,-0.004                          
1,15364,21.1,5.356,-209.2,22.0,-0.004                          
1,15374,21.1,5.359,-209.9,32.1,-0.004                          
1,15384,21.1,5.362,-210.3,21.9,-0.004                          
1,15394,21.1,5.365,-211.0,32.1,-0.004                          
1,15404,21.1,5.368,-211.6,21.2,-0.004                          
1,15414,21.1,5.370,-212.0,32.1,-0.004                          
1,15424,21.1,5.373,-212.7,22.0,-0.004                          
1,15434,21.1,5.376,-213.2,32.1,-0.004                          
1,15444,21.1,5.378,-213.7,22.0,-0.004                          
1,15454,21.1,5.381,-214.4,32.2,-0.004                          
1,15464,21.1,5.384,-215.2,22.0,-0.004                          
1,15474,21.1,5.387,-215.8,32.2,-0.004                          
1,15484,21.1,5.390,-216.2,21.9,-0.004                          
1,15494,21.1,5.392,-216.7,32.2,-0.004                          
1,15504,21.1,5.395,-217.2,22.0,-0.004                          
1,15514,21.1,5.398,-217.8,32.1,-0.004                          
1,15524,21.1,5.400,-218.5,22.0,-0.004                          
1,15534,21.1,5.403,-219.1,32.2,-0.004                          
1,15544,21.1,5.406,-219.6,22.0,-0.004                          
1,15554,21.1,5.409,-220.1,32.3,-0.004                          
1,15564,21.1,5.412,-220.8,21.9,-0.004                          
1,15574,21.1,5.415,-221.4,32.3,-0.004                          
1,15584,21.1,5.417,-221.9,21.8,-0.004                          
1,15594,21.1,5.420,-222.5,32.4,-0.004                          
1,15604,21.1,5.423,-223.0,22.0,-0.004                          
1,15614,21.1,5.426,-223.6,32.3,-0.004                          
1,15624,21.1,5.429,-224.5,21.9,-0.004                          
1,15634,21.1,5.431,-224.8,32.4,-0.004                          
1,15644,21.1,5.434,-225.5,21.9,-0.004                          
1,15654,21.1,5.436,-226.3,32.3,-0.004                          
1,15664,21.1,5.439,-226.7,21.9,-0.004                          
1,15674,21.1,5.442,-227.2,32.4,-0.004                          
1,15684,21.1,5.444,-227.9,21.8,-0.004                          
1,15694,21.1,5.447,-228.6,32.4,-0.004                          
1,15704,21.1,5.450,-229.1,21.9,-0.004                          
1,15714,21.1,5.453,-229.8,32.5,-0.004                          
1,15724,21.1,5.456,-230.2,20.9,-0.004                          
1,15734,21.1,5.458,-231.1,32.4,-0.004                          
1,15744,21.1,5.461,-231.5,21.9,-0.004                          
1,15754,21.1,5.464,-232.2,32.4,-0.004                          
1,15764,21.1,5.467,-232.8,21.9,-0.004                          
1,15774,21.1,5.469,-233.4,32.5,-0.004                          
1,15784,21.1,5.472,-234.0,21.8,-0.004                          
1,15794,21.1,5.475,-234.8,32.5,-0.004                          
1,15804,21.1,5.478,-235.3,21.8,-0.004                          
1,15814,21.1,5.481,-235.9,32.5,-0.004                          
1,15824,21.1,5.484,-236.6,21.9,-0.004                          
1,15834,21.1,5.486,-237.3,32.6,-0.004                          
1,15844,21.1,5.489,-238.0,21.8,-0.004                          
1,15854,21.1,5.492,-238.5,32.6,-0.004                          
1,15864,21.1,5.494,-239.0,21.0,-0.004                          
1,15874,21.1,5.497,-239.7,32.7,-0.004                          
1,15884,21.1,5.500,-240.4,21.7,-0.004                          
1,15894,21.1,5.503,-241.1,32.6,-0.004                          
1,15904,21.1,5.506,-241.5,21.8,-0.004                          
1,15914,21.1,5.508,-242.2,32.6,-0.004                          
1,15924,21.1,5.511,-243.0,21.8,-0.004                          
1,15934,21.1,5.513,-243.8,32.6,-0.004                          
1,15944,21.1,5.516,-244.3,20.8,-0.004                          
1,15954,21.1,5.519,-244.7,32.7,-0.004                          
1,15964,21.1,5.522,-245.5,21.7,-0.004                          
1,15974,21.1,5.525,-246.1,32.8,-0.004                          
1,15984,21.1,5.527,-246.8,21.6,-0.004                          
1,15994,21.1,5.530,-247.4,32.8,-0.004                          
1,16004,21.1,5.533,-248.1,21.5,-0.004                          
1,16014,21.1,5.536,-249.0,33.0,-0.004                          
1,16024,21.1,5.538,-249.3,21.7,-0.004                          
1,16034,21.1,5.541,-250.2,32.8,-0.004                          
1,16044,21.1,5.544,-250.8,21.7,-0.004                          
1,16054,21.1,5.546,-251.5,32.8,-0.004                          
1,16064,21.1,5.549,-252.0,21.7,-0.004                          
1,16074,21.1,5.552,-252.9,32.9,-0.004                          
1,16084,21.1,5.555,-253.5,20.7,-0.004                          
1,16094,21.1,5.557,-254.2,32.9,-0.004                          
1,16104,21.1,5.560,-254.9,21.4,-0.004                          
1,16114,21.1,5.563,-255.4,32.9,-0.004                          
1,16124,21.1,5.566,-256.2,21.5,-0.004                          
1,16134,21.1,5.568,-256.9,32.9,-0.004                          
1,16144,21.1,5.571,-257.5,21.6,-0.004                          
1,16154,21.1,5.574,-258.2,32.9,-0.004                          
1,16164,21.1,5.576,-258.7,21.6,-0.004                          
1,16174,21.1,5.579,-259.7,33.2,-0.004                          
1,16184,21.1,5.582,-260.4,21.5,-0.004                          
1,16194,21.1,5.585,-261.2,33.1,-0.004                          
1,16204,21.1,5.587,-261.8,21.5,-0.004                          
1,16214,21.1,5.590,-262.2,33.0,-0.004                          
1,16224,21.1,5.592,-263.0,21.0,-0.004                          
1,16234,21.1,5.596,-263.8,33.5,-0.004                          
1,16244,21.1,5.598,-264.5,21.4,-0.004                          
1,16254,21.1,5.601,-265.0,33.2,-0.004                          
1,16264,21.1,5.604,-265.9,21.4,-0.004                          
1,16274,21.1,5.607,-266.5,33.3,-0.004                          
1,16284,21.1,5.609,-267.1,21.4,-0.004                          
1,16294,21.1,5.612,-267.8,33.2,-0.004                          
1,16304,21.1,5.615,-268.6,21.4,-0.004                          
1,16314,21.1,5.617,-269.3,33.2,-0.004                          
1,16324,21.1,5.620,-270.1,21.3,-0.004                          
1,16334,21.1,5.623,-270.8,33.2,-0.004                          
1,16344,21.1,5.626,-271.3,21.4,-0.004                          
1,16354,21.1,5.628,-272.2,33.2,-0.004                          
1,16364,21.1,5.631,-272.8,21.2,-0.004                          
1,16374,21.1,5.633,-273.6,33.4,-0.004                          
1,16384,21.1,5.636,-274.2,21.2,-0.004                          
1,16394,21.1,5.639,-275.2,33.3,-0.004                          
1,16404,21.1,5.642,-275.9,20.2,-0.004                          
1,16414,21.1,5.645,-276.6,33.3,-0.004                          
1,16424,21.1,5.647,-277.2,21.2,-0.004                          
1,16434,21.1,5.650,-277.9,33.4,-0.004                          
1,16444,21.1,5.653,-278.7,21.2,-0.004                          
1,16454,21.1,5.655,-279.3,33.4,-0.004                          
1,16464,21.1,5.658,-280.1,21.2,-0.004                          
1,16474,21.1,5.661,-280.8,33.6,-0.004                          
1,16484,21.1,5.664,-281.3,21.2,-0.004                          
1,16494,21.1,5.666,-282.0,33.7,-0.004                          
1,16504,21.1,5.669,-282.9,21.0,-0.004                          
1,16514,21.1,5.672,-283.9,33.5,-0.004                          
1,16524,21.1,5.675,-284.7,21.0,-0.004                          
1,16534,21.1,5.677,-285.5,33.6,-0.004                          
1,16544,21.1,5.680,-286.1,21.1,-0.004                          
1,16554,21.1,5.683,-286.7,33.6,-0.004                          
1,16564,21.1,5.685,-287.5,21.1,-0.004                          
1,16574,21.1,5.688,-288.1,33.7,-0.004                          
1,16584,21.1,5.691,-289.0,21.0,-0.004                          
1,16594,21.1,5.693,-289.9,33.6,-0.004                          
1,16604,21.1,5.696,-290.7,21.0,-0.004                          
1,16614,21.1,5.699,-291.2,33.6,-0.004                          
1,16624,21.1,5.701,-292.1,19.7,-0.004                          
1,16634,21.1,5.704,-292.8,33.8,-0.004                          
1,16644,21.1,5.707,-293.6,20.9,-0.004                          
1,16654,21.1,5.709,-294.4,33.8,-0.004                          
1,16664,21.1,5.712,-294.9,20.8,-0.004                          
1,16674,21.1,5.715,-296.0,33.8,-0.004                          
1,16684,21.1,5.717,-297.1,20.9,-0.004                          
1,16694,21.1,5.720,-297.5,33.7,-0.004                          
1,16704,21.1,5.723,-298.1,20.8,-0.004                          
1,16714,21.1,5.725,-299.0,33.7,-0.004                          
1,16724,21.1,5.728,-299.7,20.8,-0.004                          
1,16734,21.1,5.731,-300.4,33.8,-0.004                          
1,16744,21.1,5.734,-301.1,20.7,-0.004                          
1,16754,21.1,5.737,-302.1,33.9,-0.004                          
1,16764,21.1,5.739,-302.9,20.0,-0.004                          
1,16774,21.1,5.742,-303.7,34.0,-0.004                          
1,16784,21.1,5.745,-304.4,20.7,-0.004                          
1,16794,21.1,5.747,-305.3,34.0,-0.004                          
1,16804,21.1,5.750,-305.9,20.7,-0.004                          
1,16814,21.1,5.752,-307.0,33.9,-0.004                          
1,16824,21.1,5.755,-307.4,20.6,-0.004                          
1,16834,21.1,5.758,-308.3,33.9,-0.004                          
1,16844,21.1,5.761,-309.2,20.7,-0.004                          
1,16854,21.1,5.763,-310.1,34.1,-0.004                          
1,16864,21.1,5.766,-310.8,20.7,-0.004                          
1,16874,21.1,5.769,-311.7,34.0,-0.004                          
1,16884,21.1,5.771,-312.5,20.5,-0.004                          
1,16894,21.1,5.774,-313.2,34.2,-0.004                          
1,16904,21.1,5.777,-314.1,20.4,-0.004                          
1,16914,21.1,5.780,-314.9,34.2,-0.004                          
1,16924,21.1,5.782,-315.5,20.4,-0.004                          
1,16934,21.1,5.785,-316.4,34.1,-0.004                          
1,16944,21.1,5.788,-317.3,19.6,-0.004                          
1,16954,21.1,5.790,-318.6,34.1,-0.004                          
1,16964,21.1,5.794,-319.1,20.5,-0.004                          
1,16974,21.1,5.795,-320.1,34.2,-0.004                          
1,16984,21.1,5.798,-320.7,20.4,-0.004                          
1,16994,21.1,5.801,-321.6,34.3,-0.004                          
1,17004,21.1,5.804,-322.6,20.4,-0.004                          
1,17014,21.1,5.807,-322.9,34.3,-0.004                          
1,17024,21.1,5.809,-324.1,20.2,-0.004                          
1,17034,21.1,5.812,-325.2,34.2,-0.004                          
1,17044,21.1,5.815,-325.8,20.3,-0.004                          
1,17054,21.1,5.817,-326.6,34.4,-0.004                          
1,17064,21.1,5.820,-327.3,20.3,-0.004                          
1,17074,21.1,5.823,-328.4,34.4,-0.004                          
1,17084,21.1,5.825,-329.1,19.7,-0.004                          
1,17094,21.1,5.828,-330.0,34.4,-0.004                          
1,17104,21.1,5.831,-331.0,20.3,-0.004                          
1,17114,21.1,5.834,-331.6,34.3,-0.004                          
1,17124,21.1,5.836,-332.4,20.2,-0.004                          
1,17134,21.1,5.839,-333.4,34.3,-0.004                          
1,17144,21.1,5.841,-334.6,20.3,-0.004                          
1,17154,21.1,5.844,-334.9,34.6,-0.004                          
1,17164,21.1,5.847,-335.9,19.1,-0.004                          
1,17174,21.1,5.850,-336.7,34.6,-0.004                          
1,17184,21.1,5.852,-337.4,20.1,-0.004                          
1,17194,21.1,5.855,-338.4,34.4,-0.004                          
1,17204,21.1,5.858,-339.7,20.2,-0.004                          
1,17214,21.1,5.860,-340.3,34.5,-0.004                          
1,17224,21.1,5.863,-341.1,20.1,-0.004                          
1,17234,21.1,5.866,-342.0,34.5,-0.004                          
1,17244,21.1,5.868,-342.9,20.1,-0.004                          
1,17254,21.1,5.871,-344.1,34.4,-0.004                          
1,17264,21.1,5.874,-344.6,20.1,-0.004                          
1,17274,21.1,5.876,-345.6,34.5,-0.004                          
1,17284,21.1,5.879,-346.4,19.9,-0.004                          
1,17294,21.1,5.882,-347.5,34.7,-0.004                          
1,17304,21.1,5.884,-348.2,19.2,-0.004                          
1,17314,21.1,5.887,-349.3,34.6,-0.004                          
1,17324,21.1,5.890,-349.8,20.0,-0.004                          
1,17334,21.1,5.892,-351.1,34.6,-0.004                          
1,17344,21.1,5.895,-351.9,19.9,-0.004                          
1,17354,21.1,5.898,-352.9,34.6,-0.004                          
1,17364,21.1,5.900,-353.6,20.0,-0.004                          
1,17374,21.1,5.903,-354.6,34.7,-0.004                          
1,17384,21.1,5.906,-355.3,19.9,-0.004                          
1,17394,21.1,5.908,-356.2,34.6,-0.004                          
1,17404,21.1,5.911,-357.2,19.9,-0.004                          
1,17414,21.1,5.913,-358.1,34.7,-0.004                          
1,17424,21.1,5.916,-359.3,19.9,-0.004                          
1,17434,21.1,5.919,-360.3,34.7,-0.004                          
1,17444,21.1,5.921,-361.3,19.5,-0.004                          
1,17454,21.1,5.924,-361.9,34.7,-0.004                          
1,17464,21.1,5.927,-362.8,19.9,-0.004                          
1,17474,21.1,5.930,-363.9,34.8,-0.004                          
1,17484,21.1,5.932,-364.6,19.8,-0.004                          
1,17494,21.1,5.934,-365.9,34.8,-0.004                          
1,17504,21.1,5.938,-366.2,19.8,-0.004                          
1,17514,21.1,5.940,-367.6,34.7,-0.004                          
1,17524,21.1,5.943,-368.4,19.8,-0.004                          
1,17534,21.1,5.945,-369.2,34.8,-0.004                          
1,17544,21.1,5.948,-370.5,19.6,-0.004                          
1,17554,21.1,5.951,-371.2,34.8,-0.004                          
1,17564,21.1,5.953,-372.5,19.7,-0.004                          
1,17574,21.1,5.956,-373.5,35.0,-0.004                          
1,17584,21.1,5.958,-374.0,19.7,-0.004                          
1,17594,21.1,5.961,-374.9,34.8,-0.004                          
1,17604,21.1,5.964,-375.9,19.7,-0.004                          
1,17614,21.1,5.966,-377.2,34.8,-0.004                          
1,17624,21.1,5.969,-378.0,19.1,-0.004                          
1,17634,21.1,5.972,-379.4,34.9,-0.004                          
1,17644,21.1,5.974,-379.8,19.7,-0.004                          
1,17654,21.1,5.977,-381.0,34.9,-0.004                          
1,17664,21.1,5.980,-381.9,19.7,-0.004                          
1,17674,21.1,5.982,-382.6,35.1,-0.004                          
1,17684,21.1,5.985,-383.8,19.5,-0.004                          
1,17694,21.1,5.988,-384.9,35.0,-0.004                          
1,17704,21.1,5.990,-385.9,19.5,-0.004                          
1,17714,21.1,5.993,-386.4,34.9,-0.004                          
1,17724,21.1,5.995,-387.7,19.6,-0.004                          
1,17734,21.1,5.998,-388.9,35.0,-0.004                          
1,17744,21.1,6.001,-389.6,19.5,-0.004                          
1,17754,21.1,6.003,-390.8,35.0,-0.004                          
1,17764,21.1,6.006,-392.0,19.6,-0.004                          
1,17774,21.1,6.008,-392.8,35.0,-0.004                          
1,17784,21.1,6.011,-393.9,19.6,-0.004                          
1,17794,21.1,6.014,-394.9,35.0,-0.004                          
1,17804,21.1,6.016,-395.6,19.1,-0.004                          
1,17814,21.1,6.019,-397.1,35.0,-0.004                          
1,17824,21.1,6.022,-397.9,19.4,-0.004                          
1,17834,21.1,6.025,-398.9,35.1,-0.004                          
1,17844,21.1,6.027,-400.1,19.4,-0.004                          
1,17854,21.1,6.030,-400.9,35.1,-0.004                          
1,17864,21.1,6.032,-401.7,19.5,-0.004                          
1,17874,21.1,6.035,-402.8,35.1,-0.004                          
1,17884,21.1,6.038,-403.9,19.4,-0.004                          
1,17894,21.1,6.040,-404.6,35.2,-0.004                          
1,17904,21.1,6.043,-405.9,19.4,-0.004                          
1,17914,21.1,6.045,-406.9,35.1,-0.004                          
1,17924,21.1,6.048,-407.7,19.4,-0.004                          
1,17934,21.1,6.051,-409.4,35.2,-0.004                          
1,17944,21.1,6.054,-409.9,19.3,-0.004                          
1,17954,21.1,6.056,-411.0,35.1,-0.004                          
1,17964,21.1,6.059,-412.1,19.3,-0.004                          
1,17974,21.1,6.061,-413.2,35.2,-0.004                          
1,17984,21.1,6.064,-414.4,19.1,-0.004                          
1,17994,21.1,6.067,-415.5,35.2,-0.004                          
1,18004,21.1,6.069,-416.2,19.3,-0.004                          
1,18014,21.1,6.072,-416.9,35.2,-0.004                          
1,18024,21.1,6.075,-418.6,19.3,-0.004                          
1,18034,21.1,6.077,-419.6,35.3,-0.004                          
1,18044,21.1,6.080,-420.4,19.3,-0.004                          
1,18054,21.1,6.083,-421.2,35.2,-0.004                          
1,18064,21.1,6.085,-422.7,19.3,-0.004                          
1,18074,21.1,6.088,-424.1,35.3,-0.004                          
1,18084,21.1,6.090,-424.6,19.2,-0.004                          
1,18094,21.1,6.093,-426.1,35.3,-0.004                          
1,18104,21.1,6.096,-426.9,19.2,-0.004                          
1,18114,21.1,6.098,-428.2,35.2,-0.004                          
1,18124,21.1,6.101,-429.1,18.6,-0.004                          
1,18134,21.1,6.104,-430.5,35.4,-0.004                          
1,18144,21.1,6.106,-431.5,19.1,-0.004                          
1,18154,21.1,6.109,-432.1,35.4,-0.004                          
1,18164,21.1,6.112,-433.2,19.2,-0.004                          
1,18174,21.1,6.114,-434.7,35.3,-0.004                          
1,18184,21.1,6.117,-436.2,19.2,-0.004                          
1,18194,21.1,6.119,-436.8,35.4,-0.004                          
1,18204,21.1,6.122,-437.5,19.0,-0.004                          
1,18214,21.1,6.125,-439.2,35.4,-0.004                          
1,18224,21.1,6.127,-440.2,19.0,-0.004                          
1,18234,21.1,6.130,-440.9,35.4,-0.004                          
1,18244,21.1,6.132,-442.0,19.1,-0.004                          
1,18254,21.1,6.135,-443.2,35.4,-0.004                          
1,18264,21.1,6.138,-444.4,18.9,-0.004                          
1,18274,21.1,6.140,-445.7,35.5,-0.004                          
1,18284,21.1,6.143,-446.5,19.1,-0.004                          
1,18294,21.1,6.145,-447.6,35.5,-0.004                          
1,18304,21.1,6.148,-448.9,19.0,-0.004                          
1,18314,21.1,6.151,-449.7,35.5,-0.004                          
1,18324,21.1,6.153,-450.8,18.9,-0.004                          
1,18334,21.1,6.156,-452.2,35.7,-0.004                          
1,18344,21.1,6.158,-453.3,18.5,-0.004                          
1,18354,21.1,6.161,-454.9,35.5,-0.004                          
1,18364,21.1,6.164,-455.3,18.9,-0.004                          
1,18374,21.1,6.166,-456.5,35.6,-0.004                          
1,18384,21.1,6.169,-458.0,18.9,-0.004                          
1,18394,21.1,6.172,-458.9,35.6,-0.004                          
1,18404,21.1,6.174,-459.9,18.9,-0.004                          
1,18414,21.1,6.177,-461.0,35.6,-0.004                          
1,18424,21.1,6.179,-462.8,18.9,-0.004                          
1,18434,21.1,6.182,-463.6,35.7,-0.004                          
1,18444,21.1,6.185,-464.9,18.9,-0.004                          
1,18454,21.1,6.187,-465.9,35.6,-0.004                          
1,18464,21.1,6.189,-467.2,18.6,-0.004                          
1,18474,21.1,6.192,-468.1,35.7,-0.004                          
1,18484,21.1,6.195,-469.3,18.9,-0.004                          
1,18494,21.1,6.197,-470.8,35.7,-0.004                          
1,18504,21.1,6.200,-471.7,18.7,-0.004                          
1,18514,21.1,6.203,-472.9,35.7,-0.004                          
1,18524,21.1,6.205,-473.6,18.1,-0.004                          
1,18534,21.1,6.208,-475.1,35.8,-0.004                          
1,18544,21.1,6.211,-476.2,18.8,-0.004                          
1,18554,21.1,6.213,-477.7,35.7,-0.004                          
1,18564,21.1,6.216,-478.9,18.7,-0.004                          
1,18574,21.1,6.218,-480.1,35.8,-0.004                          
1,18584,21.1,6.221,-481.4,18.6,-0.004                          
1,18594,21.1,6.223,-482.3,36.0,-0.004                          
1,18604,21.1,6.226,-483.3,18.6,-0.004                          
1,18614,21.1,6.229,-484.5,35.8,-0.004                          
1,18624,21.1,6.231,-485.8,18.6,-0.004                          
1,18634,21.1,6.234,-487.1,35.9,-0.004                          
1,18644,21.1,6.236,-488.4,18.7,-0.004                          
1,18654,21.1,6.239,-489.7,35.8,-0.004                          
1,18664,21.1,6.242,-491.0,18.3,-0.004                          
1,18674,21.1,6.244,-491.9,35.9,-0.004                          
1,18684,21.1,6.247,-493.2,18.7,-0.004                          
1,18694,21.1,6.249,-494.7,35.7,-0.004                          
1,18704,21.1,6.252,-495.2,18.7,-0.004                          
1,18714,21.1,6.254,-496.9,35.7,-0.004                          
1,18724,21.1,6.257,-497.9,18.5,-0.004                          
1,18734,21.1,6.260,-499.5,35.7,-0.004                          
1,18744,21.1,6.262,-500.5,18.8,-0.004                          
1,18754,21.1,6.265,-501.7,35.9,-0.004                          
1,18764,21.1,6.268,-502.5,18.9,-0.004                          
1,18774,21.1,6.270,-504.4,35.8,-0.004                          
1,18784,21.1,6.273,-505.4,19.0,-0.004                          
1,18794,21.1,6.275,-506.6,35.2,-0.004                          
1,18804,21.1,6.278,-508.3,19.4,-0.004                          
1,18814,21.1,6.281,-509.0,34.5,-0.004                          
1,18824,21.1,6.283,-510.6,20.6,-0.004                          
1,18834,21.1,6.285,-512.0,33.8,-0.004                          
1,18844,21.1,6.288,-513.0,21.7,-0.004                          
1,18854,21.1,6.291,-514.3,29.1,-0.004                          
1,18864,21.1,6.293,-515.0,25.2,-0.004                          
1,18874,21.1,6.296,-517.1,29.1,-0.004                          
1,18884,21.1,6.298,-517.5,25.1,-0.004                          
1,18894,21.1,6.301,-519.4,29.1,-0.004                          
1,18904,21.1,6.304,-520.5,25.2,-0.004                          
1,18914,21.1,6.306,-521.7,29.2,-0.004                          
1,18924,21.1,6.309,-523.0,25.1,-0.004                          
1,18934,21.1,6.311,-524.3,29.2,-0.004                          
1,18944,21.1,6.314,-525.5,25.1,-0.004                          
1,18954,21.1,6.316,-527.4,29.1,-0.004                          
1,18964,21.1,6.319,-527.6,25.1,-0.004                          
1,18974,21.1,6.321,-530.1,29.1,-0.004                          
1,18984,21.1,6.324,-530.5,25.1,-0.004                          
1,18994,21.1,6.327,-532.3,29.1,-0.004                          
1,19004,21.1,6.329,-533.0,25.0,-0.004                          
1,19014,21.1,6.332,-535.0,29.1,-0.004                          
1,19024,21.1,6.334,-535.5,25.0,-0.004                          
1,19034,21.1,6.337,-537.5,29.1,-0.004                          
1,19044,21.1,6.340,-538.1,25.0,-0.004                          
1,19054,21.1,6.342,-540.2,29.1,-0.004                          
1,19064,21.1,6.345,-540.8,24.9,-0.004                          
1,19074,21.1,6.347,-542.7,29.1,-0.004                          
1,19084,21.1,6.350,-543.5,24.9,-0.004                          
1,19094,21.1,6.352,-545.0,29.0,-0.004                          
1,19104,21.1,6.355,-546.1,24.9,-0.004                          
1,19114,21.1,6.358,-548.1,29.0,-0.004                          
1,19124,21.1,6.360,-549.0,24.8,-0.004                          
1,19134,21.1,6.362,-550.7,29.0,-0.004                          
1,19144,21.1,6.365,-551.6,24.9,-0.004                          
1,19154,21.1,6.368,-553.3,29.0,-0.004                          
1,19164,21.1,6.371,-553.7,24.9,-0.004                          
1,19174,21.1,6.373,-556.2,28.9,-0.004                          
1,19184,21.1,6.376,-556.6,24.8,-0.004                          
1,19194,21.1,6.378,-559.3,28.9,-0.004                          
1,19204,21.1,6.381,-559.7,24.7,-0.004                          
1,19214,21.1,6.383,-561.6,29.0,-0.004                          
1,19224,21.1,6.386,-562.1,24.7,-0.004                          
1,19234,21.1,6.388,-564.4,28.9,-0.004                          
1,19244,21.1,6.391,-564.8,24.7,-0.004                          
1,19254,21.1,6.393,-566.8,28.9,-0.004                          
1,19264,21.1,6.396,-567.6,24.6,-0.004                          
1,19274,21.1,6.399,-569.5,28.9,-0.004                          
1,19284,21.1,6.402,-569.9,24.6,-0.004                          
1,19294,21.1,6.404,-572.0,28.9,-0.004                          
1,19304,21.1,6.406,-572.8,24.6,-0.004                          
1,19314,21.1,6.409,-574.9,28.9,-0.004                          
1,19324,21.1,6.412,-575.6,24.6,-0.004                          
1,19334,21.1,6.414,-577.8,28.8,-0.004                          
1,19344,21.1,6.417,-578.6,24.6,-0.004                          
1,19354,21.1,6.419,-580.3,28.8,-0.004                          
1,19364,21.1,6.422,-581.6,24.6,-0.004                          
1,19374,21.1,6.424,-583.3,28.9,-0.004                          
1,19384,21.1,6.427,-584.5,24.5,-0.004                          
1,19394,21.1,6.429,-586.1,28.7,-0.004                          
1,19404,21.1,6.432,-587.0,24.5,-0.004                          
1,19414,21.1,6.434,-589.1,28.6,-0.004                          
1,19424,21.1,6.437,-590.0,24.5,-0.004                          
1,19434,21.1,6.439,-591.8,28.6,-0.004                          
1,19444,21.1,6.442,-592.6,24.6,-0.004                          
1,19454,21.1,6.444,-594.8,28.5,-0.004                          
1,19464,21.1,6.447,-594.9,24.5,-0.004                          
1,19474,21.1,6.449,-597.2,28.4,-0.004                          
1,19484,21.1,6.452,-598.3,24.5,-0.004                          
1,19494,21.1,6.455,-600.4,28.3,-0.004                          
1,19504,21.1,6.457,-601.5,24.5,-0.004                          
1,19514,21.1,6.459,-603.3,28.3,-0.004                          
1,19524,21.1,6.462,-604.0,24.5,-0.004                          
1,19534,21.1,6.464,-606.4,28.2,-0.004                          
1,19544,21.1,6.467,-607.3,24.5,-0.004                          
1,19554,21.1,6.469,-609.2,28.1,-0.004                          
1,19564,21.1,6.472,-610.1,24.4,-0.004                          
1,19574,21.1,6.475,-611.8,28.1,-0.004                          
1,19584,21.1,6.477,-613.3,24.4,-0.004                          
1,19594,21.1,6.480,-615.0,28.1,-0.004                          
1,19604,21.1,6.482,-615.9,24.2,-0.004                          
1,19614,21.1,6.484,-618.0,28.0,-0.004                          
1,19624,21.1,6.487,-618.5,24.4,-0.004                          
1,19634,21.1,6.489,-620.6,28.0,-0.004                          
1,19644,21.1,6.492,-622.3,24.2,-0.004                          
1,19654,21.1,6.494,-624.1,28.0,-0.004                          
1,19664,21.1,6.497,-624.8,24.2,-0.004                          
1,19674,21.1,6.500,-626.7,27.9,-0.004                          
1,19684,21.1,6.503,-628.4,24.2,-0.004                          
1,19694,21.1,6.505,-630.2,27.9,-0.004                          
1,19704,21.1,6.507,-630.8,24.1,-0.004                          
1,19714,21.1,6.510,-633.4,27.8,-0.004                          
1,19724,21.1,6.513,-633.5,24.1,-0.004                          
1,19734,21.1,6.515,-636.0,27.8,-0.004                          
1,19744,21.1,6.518,-637.3,24.1,-0.004                          
1,19754,21.1,6.520,-638.8,27.8,-0.004                          
1,19764,21.1,6.522,-639.8,24.1,-0.004                          
1,19774,21.1,6.525,-642.2,27.8,-0.004                          
1,19784,21.1,6.527,-643.4,24.0,-0.004                          
1,19794,21.1,6.530,-645.3,27.8,-0.004                          
1,19804,21.1,6.533,-646.2,24.1,-0.004                          
1,19814,21.1,6.535,-648.2,27.7,-0.004                          
1,19824,21.1,6.538,-648.8,24.0,-0.004                          
1,19834,21.1,6.540,-651.6,27.7,-0.004                          
1,19844,21.1,6.543,-652.6,23.9,-0.004                          
1,19854,21.1,6.545,-654.2,27.7,-0.004                          
1,19864,21.1,6.547,-655.5,23.9,-0.004                          
1,19874,21.1,6.550,-657.5,27.7,-0.004                          
1,19884,21.1,6.552,-658.1,23.8,-0.004                          
1,19894,21.1,6.555,-660.9,27.6,-0.004                          
1,19904,21.1,6.558,-662.0,23.7,-0.004                          
1,19914,21.1,6.560,-664.5,27.6,-0.004                          
1,19924,21.1,6.563,-664.8,23.8,-0.004                          
1,19934,21.1,6.565,-667.1,27.6,-0.004                          
1,19944,21.1,6.568,-668.3,23.7,-0.004                          
1,19954,21.1,6.570,-670.0,27.6,-0.004                          
1,19964,21.1,6.573,-671.0,23.7,-0.004                          
1,19974,21.1,6.575,-673.8,27.7,-0.004                          
1,19984,21.1,6.577,-674.2,23.6,-0.004                          
1,19994,21.1,6.580,-676.8,27.6,-0.004                          
1,20004,21.1,6.582,-677.2,23.6,-0.004                          
1,20014,21.1,6.585,-680.2,27.6,-0.004                          
1,20024,21.1,6.587,-680.9,23.5,-0.004                          
1,20034,21.1,6.590,-682.7,27.8,-0.004                          
1,20044,21.1,6.592,-684.0,23.4,-0.004                          
1,20054,21.1,6.595,-685.7,27.7,-0.004                          
1,20064,21.1,6.598,-687.2,23.4,-0.004                          
1,20074,21.1,6.600,-689.1,27.7,-0.004                          
1,20084,21.1,6.603,-689.9,23.4,-0.004                          
1,20094,21.1,6.605,-692.3,27.6,-0.004                          
1,20104,21.1,6.608,-693.2,23.2,-0.004                          
1,20114,21.1,6.610,-695.5,27.6,-0.004                          
1,20124,21.1,6.613,-696.6,23.3,-0.004                          
1,20134,21.1,6.615,-699.3,28.0,-0.004                          
1,20144,21.1,6.617,-701.2,23.1,-0.004                          
1,20154,21.1,6.620,-702.1,28.4,-0.004                          
1,20164,21.1,6.622,-703.6,23.5,-0.004                          
1,20174,21.1,6.625,-705.9,27.8,-0.004                          
1,20184,21.1,6.627,-706.8,23.3,-0.004                          
1,20194,21.1,6.630,-709.4,27.8,-0.004                          
1,20204,21.1,6.633,-711.0,23.3,-0.004                          
1,20214,21.1,6.635,-712.5,27.8,-0.004                          
1,20224,21.1,6.638,-713.9,23.5,-0.004                          
1,20234,21.1,6.639,-715.6,27.8,-0.004                          
1,20244,21.1,6.642,-717.5,23.3,-0.004                          
1,20254,21.1,6.645,-719.1,27.7,-0.004                          
1,20264,21.1,6.647,-720.2,23.3,-0.004                          
1,20274,21.1,6.650,-722.9,27.9,-0.004                          
1,20284,21.1,6.652,-723.8,23.2,-0.004                          
1,20294,21.1,6.655,-725.6,27.7,-0.004                          
1,20304,21.1,6.657,-726.7,23.1,-0.004                          
1,20314,21.1,6.659,-729.3,27.8,-0.004                          
1,20324,21.1,6.662,-730.4,23.1,-0.004                          
1,20334,21.1,6.664,-732.4,27.6,-0.004                          
1,20344,21.1,6.667,-733.6,23.1,-0.004                          
1,20354,21.1,6.669,-736.0,27.6,-0.004                          
1,20364,21.1,6.672,-737.1,23.0,-0.004                          
1,20374,21.1,6.674,-739.3,27.5,-0.004                          
1,20384,21.1,6.676,-740.8,23.1,-0.004                          
1,20394,21.1,6.678,-742.7,27.6,-0.004                          
1,20404,21.1,6.682,-743.9,22.9,-0.004                          
1,20414,21.1,6.684,-746.4,27.4,-0.004                          
1,20424,21.1,6.686,-747.4,22.9,-0.004                          
1,20434,21.1,6.689,-749.6,27.6,-0.004                          
1,20444,21.1,6.691,-751.0,23.0,-0.004                          
1,20454,21.1,6.694,-752.8,27.6,-0.004                          
1,20464,21.1,6.696,-754.1,22.9,-0.004                          
1,20474,21.1,6.698,-756.2,27.5,-0.004                          
1,20484,21.1,6.701,-757.9,23.0,-0.004                          
1,20494,21.1,6.704,-759.7,27.8,-0.004                          
1,20504,21.1,6.706,-761.3,22.9,-0.004                          
1,20514,21.1,6.708,-764.2,27.5,-0.004                          
1,20524,21.1,6.711,-764.9,22.7,-0.004                          
1,20534,21.1,6.713,-767.4,27.6,-0.004                          
1,20544,21.1,6.716,-768.7,22.5,-0.004                          
1,20554,21.1,6.718,-770.5,27.6,-0.004                          
1,20564,21.1,6.721,-772.6,22.5,-0.004                          
1,20574,21.1,6.723,-774.5,27.7,-0.004                          
1,20584,21.1,6.726,-775.6,22.7,-0.004                          
1,20594,21.1,6.728,-777.5,27.6,-0.004                          
1,20604,21.1,6.730,-779.5,22.7,-0.004                          
1,20614,21.1,6.733,-781.1,27.6,-0.004                          
1,20624,21.1,6.736,-782.5,22.6,-0.004                          
1,20634,21.1,6.738,-785.2,27.5,-0.004                          
1,20644,21.1,6.741,-786.2,22.6,-0.004                          
1,20654,21.1,6.743,-788.3,27.4,-0.004                          
1,20664,21.1,6.745,-790.1,22.6,-0.004                          
1,20674,21.1,6.748,-792.5,27.5,-0.004                          
1,20684,21.1,6.750,-793.6,22.6,-0.004                          
1,20694,21.1,6.752,-795.0,27.5,-0.004                          
1,20704,21.1,6.755,-797.2,22.5,-0.004                          
1,20714,21.1,6.757,-799.4,27.5,-0.004                          
1,20724,21.1,6.760,-801.4,22.4,-0.004                          
1,20734,21.1,6.762,-803.0,27.5,-0.004                          
1,20744,21.1,6.765,-804.5,22.5,-0.004                          
1,20754,21.1,6.767,-806.4,27.6,-0.004                          
1,20764,21.1,6.770,-808.2,22.5,-0.004                          
1,20774,21.1,6.772,-810.5,27.8,-0.004                          
1,20784,21.1,6.774,-811.2,22.6,-0.004                          
1,20794,21.1,6.776,-813.7,27.8,-0.004                          
1,20804,21.1,6.779,-815.5,22.5,-0.004                          
1,20814,21.1,6.781,-818.2,27.9,-0.004                          
1,20824,21.1,6.784,-819.0,22.6,-0.004                          
1,20834,21.1,6.786,-821.2,28.1,-0.004                          
1,20844,21.1,6.789,-823.1,22.8,-0.004                          
1,20854,21.1,6.791,-825.5,28.2,-0.004                          
1,20864,21.1,6.794,-826.9,22.8,-0.004                          
1,20874,21.1,6.796,-829.0,28.4,-0.004                          
1,20884,21.1,6.799,-830.1,23.0,-0.004                          
1,20894,21.1,6.801,-832.6,28.4,-0.004                          
1,20904,21.1,6.804,-834.6,23.1,-0.004                          
1,20914,21.1,6.806,-837.1,28.5,-0.004                          
1,20924,21.1,6.809,-837.8,23.1,-0.004                          
1,20934,21.1,6.811,-840.6,28.6,-0.004                          
1,20944,21.1,6.814,-841.6,23.2,-0.004                          
1,20954,21.1,6.816,-844.0,28.6,-0.004                          
1,20964,21.1,6.818,-845.7,23.2,-0.004                          
1,20974,21.1,6.821,-848.2,28.7,-0.004                          
1,20984,21.1,6.824,-849.1,23.3,-0.004                          
1,20994,21.1,6.826,-852.1,28.7,-0.004                          
1,21004,21.1,6.828,-852.5,23.4,-0.004                          
1,21014,21.1,6.831,-856.4,28.7,-0.004                          
1,21024,21.1,6.833,-857.3,23.4,-0.004                          
1,21034,21.1,6.835,-859.5,28.8,-0.004                          
1,21044,21.1,6.838,-860.2,23.5,-0.004                          
1,21054,21.1,6.840,-863.4,28.8,-0.004                          
1,21064,21.1,6.842,-866.0,23.6,-0.004                          
1,21074,21.1,6.845,-867.5,28.8,-0.004                          
1,21084,21.1,6.847,-869.5,23.6,-0.004                          
1,21094,21.1,6.850,-871.0,28.7,-0.004                          
1,21104,21.1,6.853,-873.1,23.7,-0.004                          
1,21114,21.1,6.854,-875.0,28.8,-0.004                          
1,21124,21.1,6.857,-876.1,23.8,-0.004                          
1,21134,21.1,6.860,-878.9,28.9,-0.004                          
1,21144,21.1,6.862,-880.9,23.9,-0.004                          
1,21154,21.1,6.864,-882.9,28.9,-0.004                          
1,21164,21.1,6.867,-884.7,23.9,-0.004                          
1,21174,21.1,6.869,-887.1,28.8,-0.004                          
1,21184,21.1,6.872,-888.3,24.0,-0.004                          
1,21194,21.1,6.874,-890.8,28.9,-0.004                          
1,21204,21.1,6.877,-892.8,24.0,-0.004                          
1,21214,21.1,6.879,-894.8,28.9,-0.004                          
1,21224,21.1,6.882,-897.5,24.0,-0.004                          
1,21234,21.1,6.884,-898.7,29.1,-0.004                          
1,21244,21.1,6.886,-900.6,24.1,-0.004                          
1,21254,21.1,6.888,-903.0,29.2,-0.004                          
1,21264,21.1,6.891,-904.2,24.2,-0.004                          
1,21274,21.1,6.894,-907.4,29.1,-0.004                          
1,21284,21.1,6.896,-908.6,24.2,-0.004                          
1,21294,21.1,6.898,-910.8,29.2,-0.004                          
1,21304,21.1,6.901,-912.2,24.3,-0.004                          
1,21314,21.1,6.903,-915.0,29.2,-0.004                          
1,21324,21.1,6.906,-916.9,24.2,-0.004                          
1,21334,21.1,6.908,-919.2,29.3,-0.004                          
1,21344,21.1,6.910,-921.5,24.4,-0.004                          
1,21354,21.1,6.913,-923.3,29.3,-0.004                          
1,21364,21.1,6.915,-924.9,24.4,-0.004                          
1,21374,21.1,6.917,-927.1,29.3,-0.004                          
1,21384,21.1,6.920,-928.9,24.4,-0.004                          
1,21394,21.1,6.923,-931.2,29.4,-0.004                          
1,21404,21.1,6.925,-933.2,24.4,-0.004                          
1,21414,21.1,6.927,-935.5,29.4,-0.004                          
1,21424,21.1,6.930,-937.6,24.4,-0.004                          
1,21434,21.1,6.932,-939.7,29.3,-0.004                          
1,21444,21.1,6.935,-942.1,24.4,-0.004                          
1,21454,21.1,6.937,-944.2,29.3,-0.004                          
1,21464,21.1,6.939,-946.0,24.5,-0.004                          
1,21474,21.1,6.941,-948.0,29.4,-0.004                          
1,21484,21.1,6.944,-949.5,24.5,-0.004                          
1,21494,21.1,6.946,-951.7,29.4,-0.004                          
1,21504,21.1,6.949,-954.9,24.5,-0.004                          
1,21514,21.1,6.951,-956.9,29.5,-0.004                          
1,21524,21.1,6.954,-958.5,24.5,-0.004                          
1,21534,21.1,6.956,-960.5,29.6,-0.004                          
1,21544,21.1,6.959,-962.9,24.5,-0.004                          
1,21554,21.1,6.961,-964.7,29.6,-0.004                          
1,21564,21.1,6.964,-966.1,24.6,-0.004                          
1,21574,21.1,6.966,-969.9,29.6,-0.004                          
1,21584,21.1,6.968,-970.3,24.6,-0.004                          
1,21594,21.1,6.970,-973.1,29.7,-0.004                          
1,21605,21.1,6.973,-975.4,24.6,-0.004                          
1,21614,21.1,6.975,-978.2,29.7,-0.004                          
1,21624,21.1,6.978,-979.4,24.6,-0.004                          
1,21634,21.1,6.980,-982.3,29.8,-0.004                          
1,21644,21.1,6.983,-984.1,24.6,-0.004                          
1,21654,21.1,6.985,-986.6,29.8,-0.004                          
1,21664,21.1,6.987,-988.4,24.7,-0.004                          
1,21674,21.1,6.990,-990.7,29.8,-0.004                          
1,21684,21.1,6.992,-993.8,24.7,-0.004                          
1,21694,21.1,6.995,-995.7,29.8,-0.004                          
1,21704,21.1,6.997,-996.6,24.8,-0.004                          
1,21714,21.1,6.999,-999.6,29.9,-0.004                          
1,21724,21.1,7.002,-1001.1,24.8,-0.004                         
1,21734,21.1,7.004,-1004.4,29.9,-0.004                         
1,21744,21.1,7.006,-1005.9,24.8,-0.004                         
1,21754,21.1,7.009,-1008.8,29.9,-0.004                         
1,21764,21.1,7.011,-1010.7,24.9,-0.004                         
1,21774,21.1,7.013,-1012.4,29.9,-0.004                         
1,21784,21.1,7.016,-1014.9,24.9,-0.004                         
1,21794,21.1,7.018,-1017.7,30.0,-0.004                         
1,21804,21.1,7.021,-1019.9,24.9,-0.004                         
1,21814,21.1,7.023,-1021.6,30.0,-0.004                         
1,21824,21.1,7.025,-1023.5,24.9,-0.004                         
1,21834,21.1,7.028,-1026.2,30.0,-0.004                         
1,21844,21.1,7.030,-1028.2,24.9,-0.004                         
1,21854,21.1,7.032,-1030.4,30.0,-0.004                         
1,21864,21.1,7.035,-1033.1,24.9,-0.004                         
1,21874,21.1,7.037,-1034.7,30.1,-0.004                         
1,21884,21.1,7.040,-1037.6,25.0,-0.004                         
1,21894,21.1,7.042,-1040.2,30.1,-0.004                         
1,21904,21.1,7.044,-1042.1,24.9,-0.004                         
1,21914,21.1,7.047,-1044.4,30.1,-0.004                         
1,21924,21.1,7.049,-1045.9,25.0,-0.004                         
1,21934,21.1,7.051,-1048.7,30.1,-0.004                         
1,21944,21.1,7.054,-1051.2,25.0,-0.004                         
1,21954,21.1,7.056,-1053.6,30.2,-0.004                         
1,21964,21.1,7.058,-1055.6,25.1,-0.004                         
1,21974,21.1,7.061,-1057.9,30.2,-0.004                         
1,21984,21.1,7.064,-1061.2,25.1,-0.004                         
1,21994,21.1,7.066,-1062.4,30.2,-0.004                         
1,22004,21.1,7.069,-1065.3,25.1,-0.004                         
1,22014,21.1,7.070,-1067.7,30.2,-0.004                         
1,22024,21.1,7.073,-1070.3,25.1,-0.004                         
1,22034,21.1,7.075,-1072.0,30.3,-0.004                         
1,22044,21.1,7.078,-1074.4,25.1,-0.004                         
1,22054,21.1,7.080,-1076.6,30.4,-0.004                         
1,22064,21.1,7.082,-1078.5,25.2,-0.004                         
1,22074,21.1,7.085,-1080.6,30.4,-0.004                         
1,22084,21.1,7.088,-1083.7,25.1,-0.004                         
1,22094,21.1,7.089,-1085.8,30.5,-0.004                         
1,22104,21.1,7.092,-1088.2,25.1,-0.004                         
1,22114,21.1,7.094,-1090.6,30.5,-0.004                         
1,22124,21.1,7.097,-1092.3,25.2,-0.004                         
1,22134,21.1,7.099,-1094.5,30.5,-0.004                         
1,22144,21.1,7.101,-1098.0,25.2,-0.004                         
1,22154,21.1,7.104,-1100.1,30.6,-0.004                         
1,22164,21.1,7.106,-1101.6,25.2,-0.004                         
1,22174,21.1,7.108,-1104.4,30.6,-0.004                         
1,22184,21.1,7.111,-1107.1,25.1,-0.004                         
1,22194,21.1,7.113,-1109.2,30.7,-0.004                         
1,22204,21.1,7.115,-1111.4,25.2,-0.004                         
1,22214,21.1,7.117,-1114.8,30.6,-0.004                         
1,22224,21.1,7.120,-1116.6,25.2,-0.004                         
1,22234,21.1,7.123,-1119.1,30.7,-0.004                         
1,22244,21.1,7.125,-1120.8,25.3,-0.004                         
1,22254,21.1,7.127,-1123.9,30.7,-0.004                         
1,22264,21.1,7.130,-1126.2,25.3,-0.004                         
1,22274,21.1,7.132,-1128.9,30.7,-0.004                         
1,22284,21.1,7.134,-1131.5,25.3,-0.004                         
1,22294,21.1,7.137,-1132.9,30.8,-0.004                         
1,22304,21.1,7.139,-1135.5,25.3,-0.004                         
1,22314,21.1,7.141,-1138.5,30.7,-0.004                         
1,22324,21.1,7.144,-1140.7,25.3,-0.004                         
1,22334,21.1,7.146,-1143.9,30.8,-0.004                         
1,22344,21.1,7.148,-1146.0,25.3,-0.004                         
1,22354,21.1,7.151,-1148.1,30.8,-0.004                         
1,22364,21.1,7.153,-1150.3,25.3,-0.004                         
1,22374,21.1,7.155,-1152.9,30.8,-0.004                         
1,22384,21.1,7.158,-1155.5,25.4,-0.004                         
1,22394,21.1,7.160,-1157.5,30.8,-0.004                         
1,22404,21.1,7.163,-1159.8,25.4,-0.004                         
1,22414,21.1,7.165,-1162.5,30.8,-0.004                         
1,22424,21.1,7.167,-1164.8,25.4,-0.004                         
1,22434,21.1,7.170,-1168.1,30.9,-0.004                         
1,22444,21.1,7.172,-1170.9,25.4,-0.004                         
1,22454,21.1,7.174,-1172.4,30.9,-0.004                         
1,22464,21.1,7.177,-1175.1,25.4,-0.004                         
1,22474,21.1,7.179,-1177.8,30.9,-0.004                         
1,22484,21.1,7.182,-1180.5,25.5,-0.004                         
1,22494,21.1,7.184,-1182.4,30.9,-0.004                         
1,22504,21.1,7.186,-1185.9,25.5,-0.004                         
1,22514,21.1,7.188,-1188.2,30.9,-0.004                         
1,22524,21.1,7.190,-1190.1,25.5,-0.004                         
1,22534,21.1,7.193,-1193.2,30.9,-0.004                         
1,22544,21.1,7.196,-1195.7,25.6,-0.004                         
1,22554,21.1,7.198,-1198.0,31.0,-0.004                         
1,22564,21.1,7.200,-1200.5,25.5,-0.004                         
1,22574,21.1,7.203,-1202.6,31.0,-0.004                         
1,22584,21.1,7.205,-1204.7,25.5,-0.004                         
1,22594,21.1,7.207,-1208.1,31.0,-0.004                         
1,22604,21.1,7.210,-1210.3,25.6,-0.004                         
1,22614,21.1,7.212,-1213.6,31.0,-0.004                         
1,22624,21.1,7.214,-1214.8,25.6,-0.004                         
1,22634,21.1,7.217,-1218.1,31.0,-0.004                         
1,22644,21.1,7.219,-1221.0,25.6,-0.004                         
1,22654,21.1,7.221,-1223.2,31.1,-0.004                         
1,22664,21.1,7.223,-1227.1,25.6,-0.004                         
1,22674,21.1,7.226,-1228.1,31.1,-0.004                         
1,22684,21.1,7.228,-1230.9,25.6,-0.004                         
1,22694,21.1,7.230,-1234.1,31.1,-0.004                         
1,22704,21.1,7.233,-1236.3,25.6,-0.004                         
1,22714,21.1,7.235,-1238.5,31.1,-0.004                         
1,22724,21.1,7.237,-273.0,25.6,-0.004                          
1,22734,21.1,7.240,-273.0,31.1,-0.004                          
1,22744,21.1,7.242,-273.0,25.7,-0.004                          
1,22754,21.1,7.245,-273.0,31.1,-0.004                          
1,22764,21.1,7.247,-273.0,25.6,-0.004                          
1,22774,21.1,7.249,-273.0,31.1,-0.004                          
1,22784,21.1,7.251,-273.0,25.7,-0.004                          
1,22794,21.1,7.254,-273.0,31.1,-0.004                          
1,22804,21.1,7.257,-273.0,25.7,-0.004                          
1,22814,21.1,7.259,-273.0,31.2,-0.004                          
1,22824,21.1,7.261,-273.0,25.7,-0.004                          
1,22834,21.1,7.263,-273.0,31.2,-0.004                          
1,22844,21.1,7.266,-273.0,25.8,-0.004                          
1,22854,21.1,7.268,-273.0,31.2,-0.004                          
1,22864,21.1,7.270,-273.0,25.8,-0.004                          
1,22874,21.1,7.273,-273.0,31.2,-0.004                          
1,22884,21.1,7.275,-273.0,25.7,-0.004                          
1,22894,21.1,7.277,-273.0,31.2,-0.004                          
1,22904,21.1,7.279,-273.0,25.8,-0.004                          
1,22914,21.1,7.282,-273.0,31.2,-0.004                          
1,22924,21.1,7.284,-273.0,25.8,-0.004                          
1,22934,21.1,7.286,-273.0,31.2,-0.004                          
1,22944,21.1,7.289,-273.0,25.9,-0.004                          
1,22954,21.1,7.291,-273.0,31.2,-0.004                          
1,22964,21.1,7.293,-273.0,25.9,-0.004                          
1,22974,21.1,7.296,-273.0,31.2,-0.004                          
1,22984,21.1,7.298,-273.0,25.8,-0.004                          
1,22994,21.1,7.300,-273.0,31.2,-0.004                          
1,23004,21.1,7.302,-273.0,25.9,-0.004                          
1,23014,21.1,7.305,-273.0,31.2,-0.004                          
1,23024,21.1,7.307,-273.0,25.9,-0.004                          
1,23034,21.1,7.310,-273.0,31.3,-0.004                          
1,23044,21.1,7.312,-273.0,25.9,-0.004                          
1,23054,21.1,7.314,-273.0,31.2,-0.004                          
1,23064,21.1,7.317,-273.0,25.9,-0.004                          
1,23074,21.1,7.318,-273.0,31.3,-0.004                          
1,23084,21.1,7.322,-273.0,25.9,-0.004                          
1,23094,21.1,7.323,-273.0,31.3,-0.004                          
1,23104,21.1,7.326,-273.0,25.9,-0.004                          
1,23114,21.1,7.328,-273.0,31.3,-0.004                          
1,23124,21.1,7.330,-273.0,25.9,-0.004                          
1,23134,21.1,7.332,-273.0,31.3,-0.004                          
1,23144,21.1,7.335,-273.0,26.0,-0.004                          
1,23154,21.1,7.337,-273.0,31.3,-0.004                          
1,23164,21.1,7.339,-273.0,25.9,-0.004                          
1,23174,21.1,7.341,-273.0,31.4,-0.004                          
1,23184,21.1,7.344,-273.0,25.9,-0.004                          
1,23194,21.1,7.346,-273.0,31.4,-0.004                          
1,23204,21.1,7.348,-273.0,26.0,-0.004                          
1,23214,21.1,7.350,-273.0,31.4,-0.004                          
1,23224,21.1,7.353,-273.0,26.0,-0.004                          
1,23234,21.1,7.355,-273.0,31.4,-0.004                          
1,23244,21.1,7.357,-273.0,26.0,-0.004                          
1,23254,21.1,7.359,-273.0,31.4,-0.004                          
1,23264,21.1,7.362,-273.0,26.0,-0.004                          
1,23274,21.1,7.364,-273.0,31.4,-0.004                          
1,23284,21.1,7.366,-273.0,26.0,-0.004                          
1,23294,21.1,7.368,-273.0,31.4,-0.004                          
1,23304,21.1,7.371,-273.0,26.0,-0.004                          
1,23314,21.1,7.373,-273.0,31.5,-0.004                          
1,23324,21.1,7.375,-273.0,26.0,-0.004                          
1,23334,21.1,7.378,-273.0,31.5,-0.004                          
1,23344,21.1,7.380,-273.0,26.0,-0.004                          
1,23354,21.1,7.382,-273.0,31.5,-0.004                          
1,23364,21.1,7.384,-273.0,26.0,-0.004                          
1,23374,21.1,7.387,-273.0,31.5,-0.004                          
1,23384,21.1,7.389,-273.0,26.0,-0.004                          
1,23394,21.1,7.391,-273.0,31.5,-0.004                          
1,23404,21.1,7.393,-273.0,26.1,-0.004                          
1,23414,21.1,7.395,-273.0,31.5,-0.004                          
1,23424,21.1,7.398,-273.0,26.1,-0.004                          
1,23434,21.1,7.400,-273.0,31.5,-0.004                          
1,23444,21.1,7.402,-273.0,26.1,-0.004                          
1,23454,21.1,7.404,-273.0,31.6,-0.004                          
1,23464,21.1,7.406,-273.0,26.1,-0.004                          
1,23474,21.1,7.408,-273.0,31.6,-0.004                          
1,23484,21.1,7.411,-273.0,26.0,-0.004                          
1,23494,21.1,7.413,-273.0,31.6,-0.004                          
1,23504,21.1,7.415,-273.0,26.1,-0.004                          
1,23514,21.1,7.417,-273.0,31.6,-0.004                          
1,23524,21.1,7.420,-273.0,26.1,-0.004                          
1,23534,21.1,7.421,-273.0,31.6,-0.004                          
1,23544,21.1,7.424,-273.0,26.1,-0.004                          
1,23554,21.1,7.426,-273.0,31.6,-0.004                          
1,23564,21.1,7.429,-273.0,26.0,-0.004                          
1,23574,21.1,7.431,-273.0,31.6,-0.004                          
1,23584,21.1,7.433,-273.0,26.1,-0.004                          
1,23594,21.1,7.435,-273.0,31.6,-0.004                          
1,23604,21.1,7.438,-273.0,26.1,-0.004                          
1,23614,21.1,7.440,-273.0,31.7,-0.004                          
1,23624,21.1,7.442,-273.0,26.1,-0.004                          
1,23634,21.1,7.444,-273.0,31.7,-0.004                          
1,23644,21.1,7.447,-273.0,26.2,-0.004                          
1,23654,21.1,7.449,-273.0,31.7,-0.004                          
1,23664,21.1,7.451,-273.0,26.1,-0.004                          
1,23674,21.1,7.453,-273.0,31.7,-0.004                          
1,23684,21.1,7.456,-273.0,26.1,-0.004                          
1,23694,21.1,7.458,-273.0,31.7,-0.004                          
1,23704,21.1,7.460,-273.0,26.1,-0.004                          
1,23714,21.1,7.463,-273.0,31.7,-0.004                          
1,23724,21.1,7.465,-273.0,26.2,-0.004                          
1,23734,21.1,7.467,-273.0,31.8,-0.004                          
1,23744,21.1,7.469,-273.0,26.2,-0.004                          
1,23754,21.1,7.471,-273.0,31.7,-0.004                          
1,23764,21.1,7.474,-273.0,26.2,-0.004                          
1,23774,21.1,7.476,-273.0,31.8,-0.004                          
1,23784,21.1,7.478,-273.0,26.2,-0.004                          
1,23794,21.1,7.480,-273.0,31.8,-0.004                          
1,23804,21.1,7.483,-273.0,26.2,-0.004                          
1,23814,21.1,7.485,-273.0,31.8,-0.004                          
1,23824,21.1,7.487,-273.0,26.2,-0.004                          
1,23834,21.1,7.489,-273.0,31.8,-0.004                          
1,23844,21.1,7.491,-273.0,26.2,-0.004                          
1,23854,21.1,7.494,-273.0,31.8,-0.004                          
1,23864,21.1,7.496,-273.0,26.2,-0.004                          
1,23874,21.1,7.498,-273.0,31.8,-0.004                          
1,23884,21.1,7.501,-273.0,26.0,-0.004                          
1,23894,21.1,7.503,-273.0,31.8,-0.004                          
1,23904,21.1,7.505,-273.0,26.2,-0.004                          
1,23914,21.1,7.507,-273.0,31.8,-0.004                          
1,23924,21.1,7.509,-273.0,26.2,-0.004                          
1,23934,21.1,7.512,-273.0,31.9,-0.004                          
1,23944,21.1,7.514,-273.0,26.2,-0.004                          
1,23954,21.1,7.516,-273.0,31.9,-0.004                          
1,23964,21.1,7.518,-273.0,26.2,-0.004                          
1,23974,21.1,7.520,-273.0,31.9,-0.004                          
1,23984,21.1,7.522,-273.0,26.2,-0.004                          
1,23994,21.1,7.525,-273.0,31.8,-0.004                          
1,24004,21.1,7.527,-273.0,26.2,-0.004                          
1,24014,21.1,7.529,-273.0,31.9,-0.004                          
1,24024,21.1,7.532,-273.0,26.2,-0.004                          
1,24034,21.1,7.533,-273.0,31.9,-0.004                          
1,24044,21.1,7.536,-273.0,26.2,-0.004                          
1,24054,21.1,7.538,-273.0,31.9,-0.004                          
1,24064,21.1,7.541,-273.0,26.3,-0.004                          
1,24074,21.1,7.543,-273.0,31.9,-0.004                          
1,24084,21.1,7.545,-273.0,26.2,-0.004                          
1,24094,21.1,7.547,-273.0,31.9,-0.004                          
1,24104,21.1,7.549,-273.0,26.3,-0.004                          
1,24114,21.1,7.551,-273.0,31.9,-0.004                          
1,24124,21.1,7.554,-273.0,26.3,-0.004                          
1,24134,21.1,7.556,-273.0,31.9,-0.004                          
1,24144,21.1,7.558,-273.0,26.3,-0.004                          
1,24154,21.1,7.560,-273.0,31.9,-0.004                          
1,24164,21.1,7.562,-273.0,26.3,-0.004                          
1,24174,21.1,7.565,-273.0,31.9,-0.004                          
1,24184,21.1,7.567,-273.0,26.3,-0.004                          
1,24194,21.1,7.569,-273.0,31.9,-0.004                          
1,24204,21.1,7.571,-273.0,26.3,-0.004                          
1,24214,21.1,7.574,-273.0,32.0,-0.004                          
1,24224,21.1,7.576,-273.0,26.3,-0.004                          
1,24234,21.1,7.578,-273.0,32.0,-0.004                          
1,24244,21.1,7.580,-273.0,26.2,-0.004                          
1,24254,21.1,7.583,-273.0,32.0,-0.004                          
1,24264,21.1,7.585,-273.0,26.3,-0.004                          
1,24274,21.1,7.587,-273.0,31.9,-0.004                          
1,24284,21.1,7.589,-273.0,26.3,-0.004                          
1,24294,21.1,7.592,-273.0,32.0,-0.004                          
1,24304,21.1,7.594,-273.0,26.3,-0.004                          
1,24314,21.1,7.596,-273.0,32.0,-0.004                          
1,24324,21.1,7.598,-273.0,26.3,-0.004                          
1,24334,21.1,7.600,-273.0,32.0,-0.004                          
1,24344,21.1,7.603,-273.0,26.4,-0.004                          
1,24354,21.1,7.605,-273.0,32.0,-0.004                          
1,24364,21.1,7.607,-273.0,26.3,-0.004                          
1,24374,21.1,7.610,-273.0,32.0,-0.004                          
1,24384,21.1,7.611,-273.0,26.3,-0.004                          
1,24394,21.1,7.614,-273.0,32.0,-0.004                          
1,24404,21.1,7.616,-273.0,26.4,-0.004                          
1,24414,21.1,7.618,-273.0,32.1,-0.004                          
1,24424,21.1,7.620,-273.0,26.2,-0.004                          
1,24434,21.1,7.622,-273.0,32.0,-0.004                          
1,24444,21.1,7.625,-273.0,26.4,-0.004                          
1,24454,21.1,7.627,-273.0,32.0,-0.004                          
1,24464,21.1,7.630,-273.0,26.3,-0.004                          
1,24474,21.1,7.631,-273.0,32.1,-0.004                          
1,24484,21.1,7.634,-273.0,26.4,-0.004                          
1,24494,21.1,7.636,-273.0,32.0,-0.004                          
1,24504,21.1,7.638,-273.0,26.4,-0.004                          
1,24514,21.1,7.640,-273.0,32.0,-0.004                          
1,24524,21.1,7.642,-273.0,26.4,-0.004                          
1,24534,21.1,7.645,-273.0,32.1,-0.004                          
1,24544,21.1,7.647,-273.0,26.4,-0.004                          
1,24554,21.1,7.649,-273.0,32.0,-0.004                          
1,24564,21.1,7.651,-273.0,26.4,-0.004                          
1,24574,21.1,7.653,-273.0,32.1,-0.004                          
1,24584,21.1,7.656,-273.0,26.4,-0.004                          
1,24594,21.1,7.658,-273.0,32.1,-0.004                          
1,24604,21.1,7.660,-273.0,26.4,-0.004                          
1,24614,21.1,7.662,-273.0,32.1,-0.004                          
1,24624,21.1,7.664,-273.0,26.4,-0.004                          
1,24634,21.1,7.666,-273.0,32.1,-0.004                          
1,24644,21.1,7.669,-273.0,26.4,-0.004                          
1,24654,21.1,7.671,-273.0,32.1,-0.004                          
1,24664,21.1,7.673,-273.0,26.5,-0.004                          
1,24674,21.1,7.675,-273.0,32.1,-0.004                          
1,24684,21.1,7.677,-273.0,26.5,-0.004                          
1,24694,21.1,7.679,-273.0,32.1,-0.004                          
1,24704,21.1,7.682,-273.0,26.4,-0.004                          
1,24714,21.1,7.684,-273.0,32.1,-0.004                          
1,24724,21.1,7.686,-273.0,26.5,-0.004                          
1,24734,21.1,7.688,-273.0,32.1,-0.004                          
1,24744,21.1,7.690,-273.0,26.5,-0.004                          
1,24754,21.1,7.693,-273.0,32.1,-0.004                          
1,24764,21.1,7.695,-273.0,26.5,-0.004                          
1,24774,21.1,7.697,-273.0,32.1,-0.004                          
1,24784,21.1,7.699,-273.0,26.5,-0.004                          
1,24794,21.1,7.701,-273.0,32.1,-0.004                          
1,24804,21.1,7.704,-273.0,26.5,-0.004                          
1,24814,21.1,7.706,-273.0,32.1,-0.004                          
1,24824,21.1,7.708,-273.0,26.5,-0.004                          
1,24834,21.1,7.710,-273.0,32.1,-0.004                          
1,24844,21.1,7.712,-273.0,26.5,-0.004                          
1,24854,21.1,7.714,-273.0,32.1,-0.004                          
1,24864,21.1,7.717,-273.0,26.6,-0.004                          
1,24874,21.1,7.719,-273.0,32.1,-0.004                          
1,24884,21.1,7.721,-273.0,26.6,-0.004                          
1,24894,21.1,7.723,-273.0,32.1,-0.004                          
1,24904,21.1,7.725,-273.0,26.6,-0.004                          
1,24914,21.1,7.728,-273.0,32.1,-0.004                          
1,24924,21.1,7.730,-273.0,26.5,-0.004                          
1,24934,21.1,7.732,-273.0,32.2,-0.004                          
1,24944,21.1,7.734,-273.0,26.6,-0.004                          
1,24954,21.1,7.736,-273.0,32.1,-0.004                          
1,24964,21.1,7.739,-273.0,26.6,-0.004                          
1,24974,21.1,7.741,-273.0,32.1,-0.004                          
1,24984,21.1,7.743,-273.0,26.6,-0.004                          
1,24994,21.1,7.745,-273.0,32.1,-0.004                          
1,25004,21.1,7.748,-273.0,26.6,-0.004                          
1,25014,21.1,7.749,-273.0,32.1,-0.004                          
1,25024,21.1,7.751,-273.0,26.6,-0.004                          
1,25034,21.1,7.754,-273.0,32.2,-0.004                          
1,25044,21.1,7.756,-273.0,26.6,-0.004                          
1,25054,21.1,7.758,-273.0,32.1,-0.004                          
1,25064,21.1,7.760,-273.0,26.6,-0.004                          
1,25074,21.1,7.762,-273.0,32.1,-0.004                          
1,25084,21.1,7.764,-273.0,26.6,-0.004                          
1,25094,21.1,7.767,-273.0,32.1,-0.004                          
1,25104,21.1,7.769,-273.0,26.5,-0.004                          
1,25114,21.1,7.771,-273.0,32.2,-0.004                          
1,25124,21.1,7.773,-273.0,26.6,-0.004                          
1,25134,21.1,7.775,-273.0,32.1,-0.004                          
1,25144,21.1,7.778,-273.0,26.6,-0.004                          
1,25154,21.1,7.780,-273.0,32.1,-0.004                          
1,25164,21.1,7.782,-273.0,26.7,-0.004                          
1,25174,21.1,7.784,-273.0,32.1,-0.004                          
1,25184,21.1,7.786,-273.0,26.7,-0.004                          
1,25194,21.1,7.788,-273.0,32.1,-0.004                          
1,25204,21.1,7.791,-273.0,26.7,-0.004                          
1,25214,21.1,7.793,-273.0,32.1,-0.004                          
1,25224,21.1,7.795,-273.0,26.7,-0.004                          
1,25234,21.1,7.797,-273.0,32.2,-0.004                          
1,25244,21.1,7.799,-273.0,26.6,-0.004                          
1,25254,21.1,7.801,-273.0,32.1,-0.004                          
1,25264,21.1,7.803,-273.0,26.7,-0.004                          
1,25274,21.1,7.805,-273.0,32.1,-0.004                          
1,25284,21.1,7.808,-273.0,26.8,-0.004                          
1,25294,21.1,7.810,-273.0,32.1,-0.004                          
1,25304,21.1,7.812,-273.0,26.7,-0.004                          
1,25314,21.1,7.814,-273.0,32.2,-0.004                          
1,25324,21.1,7.817,-273.0,26.6,-0.004                          
1,25334,21.1,7.818,-273.0,32.2,-0.004                          
1,25344,21.1,7.821,-273.0,26.8,-0.004                          
1,25354,21.1,7.823,-273.0,32.1,-0.004                          
1,25364,21.1,7.825,-273.0,26.8,-0.004                          
1,25374,21.1,7.827,-273.0,32.1,-0.004                          
1,25384,21.1,7.829,-273.0,26.8,-0.004                          
1,25394,21.1,7.831,-273.0,32.1,-0.004                          
1,25404,21.1,7.834,-273.0,26.8,-0.004                          
1,25414,21.1,7.836,-273.0,32.1,-0.004                          
1,25424,21.1,7.838,-273.0,26.8,-0.004                          
1,25434,21.1,7.840,-273.0,32.1,-0.004                          
1,25444,21.1,7.842,-273.0,26.8,-0.004                          
1,25454,21.1,7.844,-273.0,32.1,-0.004                          
1,25464,21.1,7.846,-273.0,26.8,-0.004                          
1,25474,21.1,7.848,-273.0,32.1,-0.004                          
1,25484,21.1,7.850,-273.0,26.8,-0.004                          
1,25494,21.1,7.853,-273.0,32.1,-0.004                          
1,25504,21.1,7.855,-273.0,26.8,-0.004                          
1,25514,21.1,7.857,-273.0,32.1,-0.004                          
1,25524,21.1,7.859,-273.0,26.8,-0.004                          
1,25534,21.1,7.861,-273.0,32.1,-0.004                          
1,25544,21.1,7.863,-273.0,26.8,-0.004                          
1,25554,21.1,7.865,-273.0,32.1,-0.004                          
1,25564,21.1,7.868,-273.0,26.8,-0.004                          
1,25574,21.1,7.870,-273.0,32.1,-0.004                          
1,25584,21.1,7.871,-273.0,26.8,-0.004                          
1,25594,21.1,7.874,-273.0,32.1,-0.004                          
1,25604,21.1,7.876,-273.0,26.9,-0.004                          
1,25614,21.1,7.878,-273.0,32.2,-0.004                          
1,25624,21.1,7.880,-273.0,26.9,-0.004                          
1,25634,21.1,7.882,-273.0,32.1,-0.004                          
1,25644,21.1,7.884,-273.0,26.9,-0.004                          
1,25654,21.1,7.886,-273.0,32.2,-0.004                          
1,25664,21.1,7.888,-273.0,26.9,-0.004                          
1,25674,21.1,7.891,-273.0,32.1,-0.004                          
1,25684,21.1,7.893,-273.0,26.9,-0.004                          
1,25694,21.1,7.895,-273.0,32.1,-0.004                          
1,25704,21.1,7.897,-273.0,26.9,-0.004                          
1,25714,21.1,7.899,-273.0,32.1,-0.004                          
1,25724,21.1,7.902,-273.0,26.9,-0.004                          
1,25734,21.1,7.904,-273.0,32.1,-0.004                          
1,25744,21.1,7.906,-273.0,26.9,-0.004                          
1,25754,21.1,7.908,-273.0,32.1,-0.004                          
1,25764,21.1,7.910,-273.0,26.9,-0.004                          
1,25774,21.1,7.912,-273.0,32.1,-0.004                          
1,25784,21.1,7.914,-273.0,26.9,-0.004                          
1,25794,21.1,7.916,-273.0,32.1,-0.004                          
1,25804,21.1,7.919,-273.0,26.9,-0.004                          
1,25814,21.1,7.920,-273.0,32.1,-0.004                          
1,25824,21.1,7.923,-273.0,26.8,-0.004                          
1,25834,21.1,7.925,-273.0,32.1,-0.004                          
1,25844,21.1,7.927,-273.0,27.0,-0.004                          
1,25854,21.1,7.929,-273.0,32.1,-0.004                          
1,25864,21.1,7.931,-273.0,27.0,-0.004                          
1,25874,21.1,7.933,-273.0,32.1,-0.004                          
1,25884,21.1,7.935,-273.0,27.0,-0.004                          
1,25894,21.1,7.937,-273.0,32.1,-0.004                          
1,25904,21.1,7.940,-273.0,27.0,-0.004                          
1,25914,21.1,7.942,-273.0,32.1,-0.004                          
1,25924,21.1,7.944,-273.0,27.0,-0.004                          
1,25934,21.1,7.946,-273.0,32.1,-0.004                          
1,25944,21.1,7.948,-273.0,27.1,-0.004                          
1,25954,21.1,7.950,-273.0,32.1,-0.004                          
1,25964,21.1,7.952,-273.0,27.1,-0.004                          
1,25974,21.1,7.954,-273.0,32.1,-0.004                          
1,25984,21.1,7.956,-273.0,27.0,-0.004                          
1,25994,21.1,7.958,-273.0,32.1,-0.004                          
1,26004,21.1,7.960,-273.0,27.0,-0.004                          
1,26014,21.1,7.963,-273.0,32.1,-0.004                          
1,26024,21.1,7.965,-273.0,27.1,-0.004                          
1,26034,21.1,7.967,-273.0,32.1,-0.004                          
1,26044,21.1,7.969,-273.0,27.1,-0.004                          
1,26054,21.1,7.971,-273.0,32.1,-0.004                          
1,26064,21.1,7.973,-273.0,27.1,-0.004                          
1,26074,21.1,7.976,-273.0,32.0,-0.004                          
1,26084,21.1,7.978,-273.0,27.1,-0.004                          
1,26094,21.1,7.980,-273.0,32.1,-0.004                          
1,26104,21.1,7.982,-273.0,27.1,-0.004                          
1,26114,21.1,7.984,-273.0,32.1,-0.004                          
1,26124,21.1,7.986,-273.0,27.1,-0.004                          
1,26134,21.1,7.988,-273.0,32.1,-0.004                          
1,26144,21.1,7.990,-273.0,27.1,-0.004                          
1,26154,21.1,7.992,-273.0,32.1,-0.004                          
1,26164,21.1,7.995,-273.0,27.1,-0.004                          
1,26174,21.1,7.997,-273.0,32.1,-0.004                          
1,26184,21.1,7.999,-273.0,27.0,-0.004                          
1,26194,21.1,8.001,-273.0,32.1,-0.004                          
1,26204,21.1,8.003,-273.0,27.2,-0.004                          
1,26214,21.1,8.006,-273.0,32.1,-0.004                          
1,26224,21.1,8.007,-273.0,27.2,-0.004                          
1,26234,21.1,8.009,-273.0,32.0,-0.004                          
1,26244,21.1,8.012,-273.0,27.1,-0.004                          
1,26254,21.1,8.013,-273.0,32.1,-0.004                          
1,26264,21.1,8.016,-273.0,27.2,-0.004                          
1,26274,21.1,8.018,-273.0,32.0,-0.004                          
1,26284,21.1,8.020,-273.0,27.2,-0.004                          
1,26294,21.1,8.022,-273.0,32.1,-0.004                          
1,26304,21.1,8.024,-273.0,27.2,-0.004                          
1,26314,21.1,8.026,-273.0,32.1,-0.004                          
1,26324,21.1,8.029,-273.0,27.2,-0.004                          
1,26334,21.1,8.030,-273.0,32.0,-0.004                          
1,26344,21.1,8.033,-273.0,27.2,-0.004                          
1,26354,21.1,8.035,-273.0,32.1,-0.004                          
1,26364,21.1,8.037,-273.0,27.2,-0.004                          
1,26374,21.1,8.039,-273.0,32.1,-0.004                          
1,26384,21.1,8.041,-273.0,27.2,-0.004                          
1,26394,21.1,8.043,-273.0,32.0,-0.004                          
1,26404,21.1,8.045,-273.0,27.2,-0.004                          
1,26414,21.1,8.047,-273.0,32.1,-0.004                          
1,26424,21.1,8.050,-273.0,27.2,-0.004                          
1,26434,21.1,8.051,-273.0,32.1,-0.004                          
1,26444,21.1,8.054,-273.0,27.2,-0.004                          
1,26454,21.1,8.056,-273.0,32.0,-0.004                          
1,26464,21.1,8.058,-273.0,27.3,-0.004                          
1,26474,21.1,8.060,-273.0,32.0,-0.004                          
1,26484,21.1,8.062,-273.0,27.3,-0.004                          
1,26494,21.1,8.064,-273.0,32.0,-0.004                          
1,26504,21.1,8.066,-273.0,27.3,-0.004                          
1,26514,21.1,8.068,-273.0,32.1,-0.004                          
1,26524,21.1,8.070,-273.0,27.3,-0.004                          
1,26534,21.1,8.072,-273.0,32.1,-0.004                          
1,26544,21.1,8.075,-273.0,27.3,-0.004                          
1,26554,21.1,8.077,-273.0,32.0,-0.004                          
1,26564,21.1,8.079,-273.0,27.3,-0.004                          
1,26574,21.1,8.081,-273.0,32.0,-0.004                          
1,26584,21.1,8.083,-273.0,27.3,-0.004                          
1,26594,21.1,8.085,-273.0,32.1,-0.004                          
1,26604,21.1,8.087,-273.0,27.3,-0.004                          
1,26614,21.1,8.089,-273.0,32.0,-0.004                          
1,26624,21.1,8.091,-273.0,27.3,-0.004                          
1,26634,21.1,8.094,-273.0,32.0,-0.004                          
1,26644,21.1,8.096,-273.0,27.3,-0.004                          
1,26654,21.1,8.098,-273.0,32.0,-0.004                          
1,26664,21.1,8.100,-273.0,27.3,-0.004                          
1,26674,21.1,8.102,-273.0,32.0,-0.004                          
1,26684,21.1,8.104,-273.0,27.3,-0.004                          
1,26694,21.1,8.106,-273.0,32.0,-0.004                          
1,26704,21.1,8.109,-273.0,27.4,-0.004                          
1,26714,21.1,8.110,-273.0,32.0,-0.004                          
1,26724,21.1,8.112,-273.0,27.2,-0.004                          
1,26734,21.1,8.114,-273.0,32.0,-0.004                          
1,26744,21.1,8.117,-273.0,27.4,-0.004                          
1,26754,21.1,8.118,-273.0,32.0,-0.004                          
1,26764,21.1,8.121,-273.0,27.4,-0.004                          
1,26774,21.1,8.123,-273.0,32.0,-0.004                          
1,26784,21.1,8.125,-273.0,27.4,-0.004                          
1,26794,21.1,8.127,-273.0,32.1,-0.004                          
1,26804,21.1,8.129,-273.0,27.4,-0.004                          
1,26814,21.1,8.131,-273.0,32.0,-0.004                          
1,26824,21.1,8.133,-273.0,27.4,-0.004                          
1,26834,21.1,8.136,-273.0,32.0,-0.004                          
1,26844,21.1,8.137,-273.0,27.4,-0.004                          
1,26854,21.1,8.140,-273.0,32.0,-0.004                          
1,26864,21.1,8.141,-273.0,27.4,-0.004                          
1,26874,21.1,8.143,-273.0,32.0,-0.004                          
1,26884,21.1,8.146,-273.0,27.4,-0.004                          
1,26894,21.1,8.148,-273.0,32.0,-0.004                          
1,26904,21.1,8.150,-273.0,27.4,-0.004                          
1,26914,21.1,8.152,-273.0,32.0,-0.004                          
1,26924,21.1,8.154,-273.0,27.4,-0.004                          
1,26934,21.1,8.156,-273.0,32.1,-0.004                          
1,26944,21.1,8.158,-273.0,27.4,-0.004                          
1,26954,21.1,8.160,-273.0,32.0,-0.004                          
1,26964,21.1,8.162,-273.0,27.4,-0.004                          
1,26974,21.1,8.164,-273.0,32.0,-0.004                          
1,26984,21.1,8.167,-273.0,27.5,-0.004                          
1,26994,21.1,8.169,-273.0,31.9,-0.004                          
1,27004,21.1,8.170,-273.0,27.5,-0.004                          
1,27014,21.1,8.173,-273.0,32.0,-0.004                          
1,27024,21.1,8.175,-273.0,27.5,-0.004                          
1,27034,21.1,8.177,-273.0,32.0,-0.004                          
1,27044,21.1,8.179,-273.0,27.5,-0.004                          
1,27054,21.1,8.181,-273.0,32.0,-0.004                          
1,27064,21.1,8.183,-273.0,27.5,-0.004                          
1,27074,21.1,8.185,-273.0,32.0,-0.004                          
1,27084,21.1,8.187,-273.0,27.6,-0.004                          
1,27094,21.1,8.189,-273.0,32.0,-0.004                          
1,27104,21.1,8.191,-273.0,27.5,-0.004                          
1,27114,21.1,8.193,-273.0,32.0,-0.004                          
1,27124,21.1,8.195,-273.0,27.4,-0.004                          
1,27134,21.1,8.197,-273.0,32.0,-0.004                          
1,27144,21.1,8.199,-273.0,27.5,-0.004                          
1,27154,21.1,8.202,-273.0,32.0,-0.004                          
1,27164,21.1,8.203,-273.0,27.5,-0.004                          
1,27174,21.1,8.206,-273.0,32.0,-0.004                          
1,27184,21.1,8.208,-273.0,27.5,-0.004                          
1,27194,21.1,8.210,-273.0,32.0,-0.004                          
1,27204,21.1,8.212,-273.0,27.6,-0.004                          
1,27214,21.1,8.214,-273.0,32.0,-0.004                          
1,27224,21.1,8.216,-273.0,27.5,-0.004                          
1,27234,21.1,8.218,-273.0,32.0,-0.004                          
1,27244,21.1,8.220,-273.0,27.6,-0.004                          
1,27254,21.1,8.222,-273.0,31.9,-0.004                          
1,27264,21.1,8.224,-273.0,27.7,-0.004                          
1,27274,21.1,8.226,-273.0,32.0,-0.004                          
1,27284,21.1,8.228,-273.0,27.6,-0.004                          
1,27294,21.1,8.230,-273.0,32.0,-0.004                          
1,27304,21.1,8.232,-273.0,27.6,-0.004                          
1,27314,21.1,8.235,-273.0,32.0,-0.004                          
1,27324,21.1,8.237,-273.0,27.6,-0.004                          
1,27334,21.1,8.239,-273.0,32.0,-0.004                          
1,27344,21.1,8.240,-273.0,27.6,-0.004                          
1,27354,21.1,8.243,-273.0,32.0,-0.004                          
1,27364,21.1,8.245,-273.0,27.6,-0.004                          
1,27374,21.1,8.247,-273.0,32.0,-0.004                          
1,27384,21.1,8.249,-273.0,27.6,-0.004                          
1,27394,21.1,8.251,-273.0,32.0,-0.004                          
1,27404,21.1,8.253,-273.0,27.6,-0.004                          
1,27414,21.1,8.255,-273.0,32.0,-0.004                          
1,27424,21.1,8.257,-273.0,27.6,-0.004                          
1,27434,21.1,8.259,-273.0,32.0,-0.004                          
1,27444,21.1,8.261,-273.0,27.7,-0.004                          
1,27454,21.1,8.263,-273.0,32.0,-0.004                          
1,27464,21.1,8.266,-273.0,27.7,-0.004                          
1,27474,21.1,8.267,-273.0,31.9,-0.004                          
1,27484,21.1,8.270,-273.0,27.7,-0.004                          
1,27494,21.1,8.272,-273.0,31.9,-0.004                          
1,27504,21.1,8.274,-273.0,27.6,-0.004                          
1,27514,21.1,8.276,-273.0,31.9,-0.004                          
1,27524,21.1,8.278,-273.0,27.7,-0.004                          
1,27534,21.1,8.280,-273.0,31.9,-0.004                          
1,27544,21.1,8.282,-273.0,27.7,-0.004                          
1,27554,21.1,8.284,-273.0,31.9,-0.004                          
1,27564,21.1,8.286,-273.0,27.7,-0.004                          
1,27574,21.1,8.288,-273.0,31.9,-0.004                          
1,27584,21.1,8.290,-273.0,27.8,-0.004                          
1,27594,21.1,8.292,-273.0,31.9,-0.004                          
1,27604,21.1,8.294,-273.0,27.7,-0.004                          
1,27614,21.1,8.296,-273.0,31.9,-0.004                          
1,27624,21.1,8.298,-273.0,27.7,-0.004                          
1,27634,21.1,8.300,-273.0,31.9,-0.004                          
1,27644,21.1,8.302,-273.0,27.8,-0.004                          
1,27654,21.1,8.304,-273.0,31.9,-0.004                          
1,27664,21.1,8.306,-273.0,27.9,-0.004                          
1,27674,21.1,8.309,-273.0,31.9,-0.004                          
1,27684,21.1,8.310,-273.0,27.8,-0.004                          
1,27694,21.1,8.312,-273.0,32.0,-0.004                          
1,27704,21.1,8.314,-273.0,27.7,-0.004                          
1,27714,21.1,8.316,-273.0,31.9,-0.004                          
1,27724,21.1,8.318,-273.0,27.7,-0.004                          
1,27734,21.1,8.320,-273.0,31.9,-0.004                          
1,27744,21.1,8.322,-273.0,27.7,-0.004                          
1,27754,21.1,8.324,-273.0,31.9,-0.004                          
1,27764,21.1,8.326,-273.0,27.7,-0.004                          
1,27774,21.1,8.329,-273.0,31.9,-0.004                          
1,27784,21.1,8.331,-273.0,27.8,-0.004                          
1,27794,21.1,8.332,-273.0,31.9,-0.004                          
1,27804,21.1,8.335,-273.0,27.7,-0.004                          
1,27814,21.1,8.336,-273.0,31.9,-0.004                          
1,27824,21.1,8.339,-273.0,27.8,-0.004                          
1,27834,21.1,8.340,-273.0,31.9,-0.004                          
1,27844,21.1,8.342,-273.0,27.9,-0.004                          
1,27854,21.1,8.344,-273.0,31.9,-0.004                          
1,27864,21.1,8.347,-273.0,27.8,-0.004                          
1,27874,21.1,8.348,-273.0,31.9,-0.004                          
1,27884,21.1,8.350,-273.0,27.8,-0.004                          
1,27894,21.1,8.353,-273.0,31.9,-0.004                          
1,27904,21.1,8.355,-273.0,27.8,-0.004                          
1,27914,21.1,8.357,-273.0,31.9,-0.004                          
1,27924,21.1,8.359,-273.0,27.8,-0.004                          
1,27934,21.1,8.361,-273.0,31.9,-0.004                          
1,27944,21.1,8.363,-273.0,27.9,-0.004                          
1,27954,21.1,8.365,-273.0,31.9,-0.004                          
1,27964,21.1,8.367,-273.0,27.8,-0.004                          
1,27974,21.1,8.369,-273.0,31.9,-0.004                          
1,27984,21.1,8.371,-273.0,28.0,-0.004                          
1,27994,21.1,8.373,-273.0,31.9,-0.004                          
1,28004,21.1,8.375,-273.0,27.8,-0.004                          
1,28014,21.1,8.377,-273.0,31.8,-0.004                          
1,28024,21.1,8.379,-273.0,27.8,-0.004                          
1,28034,21.1,8.381,-273.0,31.9,-0.004                          
1,28044,21.1,8.383,-273.0,27.9,-0.004                          
1,28054,21.1,8.385,-273.0,31.8,-0.004                          
1,28064,21.1,8.387,-273.0,27.9,-0.004                          
1,28074,21.1,8.389,-273.0,31.8,-0.004                          
1,28084,21.1,8.391,-273.0,27.9,-0.004                          
1,28094,21.1,8.393,-273.0,31.9,-0.004                          
1,28104,21.1,8.395,-273.0,27.9,-0.004                          
1,28114,21.1,8.397,-273.0,31.9,-0.004                          
1,28124,21.1,8.399,-273.0,28.1,-0.004                          
1,28134,21.1,8.401,-273.0,31.9,-0.004                          
1,28144,21.1,8.403,-273.0,27.9,-0.004                          
1,28154,21.1,8.405,-273.0,31.9,-0.004                          
1,28164,21.1,8.407,-273.0,27.9,-0.004                          
1,28174,21.1,8.409,-273.0,31.8,-0.004                          
1,28184,21.1,8.411,-273.0,27.9,-0.004                          
1,28194,21.1,8.413,-273.0,31.8,-0.004                          
1,28204,21.1,8.415,-273.0,27.9,-0.004                          
1,28214,21.1,8.417,-273.0,31.8,-0.004                          
1,28224,21.1,8.419,-273.0,27.9,-0.004                          
1,28234,21.1,8.421,-273.0,31.8,-0.004                          
1,28244,21.1,8.423,-273.0,27.9,-0.004                          
1,28254,21.1,8.425,-273.0,31.8,-0.004                          
1,28264,21.1,8.427,-273.0,27.9,-0.004                          
1,28274,21.1,8.429,-273.0,31.8,-0.004                          
1,28284,21.1,8.431,-273.0,27.9,-0.004                          
1,28294,21.1,8.433,-273.0,31.8,-0.004                          
1,28304,21.1,8.435,-273.0,28.0,-0.004                          
1,28314,21.1,8.437,-273.0,31.9,-0.004                          
1,28324,21.1,8.439,-273.0,28.0,-0.004                          
1,28334,21.1,8.441,-273.0,31.8,-0.004                          
1,28344,21.1,8.443,-273.0,28.1,-0.004                          
1,28354,21.1,8.445,-273.0,31.9,-0.004                          
1,28364,21.1,8.447,-273.0,27.9,-0.004                          
1,28374,21.1,8.449,-273.0,31.8,-0.004                          
1,28384,21.1,8.451,-273.0,28.0,-0.004                          
1,28394,21.1,8.453,-273.0,31.8,-0.004                          
1,28404,21.1,8.455,-273.0,28.0,-0.004                          
1,28414,21.1,8.456,-273.0,31.8,-0.004                          
1,28424,21.1,8.459,-273.0,28.0,-0.004                          
1,28434,21.1,8.461,-273.0,31.8,-0.004                          
1,28444,21.1,8.463,-273.0,28.0,-0.004                          
1,28454,21.1,8.465,-273.0,31.8,-0.004                          
1,28464,21.1,8.467,-273.0,28.0,-0.004                          
1,28474,21.1,8.469,-273.0,31.8,-0.004                          
1,28484,21.1,8.471,-273.0,28.0,-0.004                          
1,28494,21.1,8.473,-273.0,31.8,-0.004                          
1,28504,21.1,8.475,-273.0,28.0,-0.004                          
1,28514,21.1,8.477,-273.0,31.8,-0.004                          
1,28524,21.1,8.479,-273.0,28.2,-0.004                          
1,28534,21.1,8.481,-273.0,31.8,-0.004                          
1,28544,21.1,8.483,-273.0,28.0,-0.004                          
1,28554,21.1,8.484,-273.0,31.8,-0.004                          
1,28564,21.1,8.487,-273.0,27.9,-0.004                          
1,28574,21.1,8.489,-273.0,31.8,-0.004                          
1,28584,21.1,8.491,-273.0,28.0,-0.004                          
1,28594,21.1,8.492,-273.0,31.8,-0.004                          
1,28604,21.1,8.494,-273.0,28.0,-0.004                          
1,28614,21.1,8.496,-273.0,31.8,-0.004                          
1,28624,21.1,8.498,-273.0,28.1,-0.004                          
1,28634,21.1,8.501,-273.0,31.8,-0.004                          
1,28644,21.1,8.502,-273.0,28.0,-0.004                          
1,28654,21.1,8.505,-273.0,31.8,-0.004                          
1,28664,21.1,8.506,-273.0,28.1,-0.004                          
1,28674,21.1,8.508,-273.0,31.7,-0.004                          
1,28684,21.1,8.510,-273.0,28.1,-0.004                          
1,28694,21.1,8.512,-273.0,31.7,-0.004                          
1,28704,21.1,8.514,-273.0,28.3,-0.004                          
1,28714,21.1,8.516,-273.0,31.8,-0.004                          
1,28724,21.1,8.518,-273.0,28.1,-0.004                          
1,28734,21.1,8.520,-273.0,31.8,-0.004                          
1,28744,21.1,8.522,-273.0,28.1,-0.004                          
1,28754,21.1,8.524,-273.0,31.7,-0.004                          
1,28764,21.1,8.526,-273.0,28.1,-0.004                          
1,28774,21.1,8.528,-273.0,31.8,-0.004                          
1,28784,21.1,8.530,-273.0,28.2,-0.004                          
1,28794,21.1,8.532,-273.0,31.8,-0.004                          
1,28804,21.1,8.534,-273.0,28.1,-0.004                          
1,28814,21.1,8.536,-273.0,31.8,-0.004                          
1,28824,21.1,8.538,-273.0,28.1,-0.004                          
1,28834,21.1,8.540,-273.0,31.7,-0.004                          
1,28844,21.1,8.542,-273.0,28.1,-0.004                          
1,28854,21.1,8.544,-273.0,31.7,-0.004                          
1,28864,21.1,8.546,-273.0,28.2,-0.004                          
1,28874,21.1,8.548,-273.0,31.7,-0.004                          
1,28884,21.1,8.550,-273.0,28.2,-0.004                          
1,28894,21.1,8.552,-273.0,31.7,-0.004                          
1,28904,21.1,8.553,-273.0,28.2,-0.004                          
1,28914,21.1,8.555,-273.0,31.8,-0.004                          
1,28924,21.1,8.557,-273.0,28.4,-0.004                          
1,28934,21.1,8.560,-273.0,31.7,-0.004                          
1,28944,21.1,8.561,-273.0,28.2,-0.004                          
1,28954,21.1,8.563,-273.0,31.7,-0.004                          
1,28964,21.1,8.565,-273.0,28.2,-0.004                          
1,28974,21.1,8.567,-273.0,31.7,-0.004                          
1,28984,21.1,8.569,-273.0,28.2,-0.004                          
1,28994,21.1,8.571,-273.0,31.7,-0.004                          
1,29004,21.1,8.573,-273.0,28.2,-0.004                          
1,29014,21.1,8.575,-273.0,31.7,-0.004                          
1,29024,21.1,8.577,-273.0,28.2,-0.004                          
1,29034,21.1,8.579,-273.0,31.7,-0.004                          
1,29044,21.1,8.581,-273.0,28.2,-0.004                          
1,29054,21.1,8.583,-273.0,31.7,-0.004                          
1,29064,21.1,8.585,-273.0,28.4,-0.004                          
1,29074,21.1,8.587,-273.0,31.7,-0.004                          
1,29084,21.1,8.589,-273.0,28.2,-0.004                          
1,29094,21.1,8.591,-273.0,31.7,-0.004                          
1,29104,21.1,8.592,-273.0,28.2,-0.004                          
1,29114,21.1,8.595,-273.0,31.7,-0.004                          
1,29124,21.1,8.596,-273.0,28.2,-0.004                          
1,29134,21.1,8.598,-273.0,31.7,-0.004                          
1,29144,21.1,8.600,-273.0,28.2,-0.004                          
1,29154,21.1,8.602,-273.0,31.7,-0.004                          
1,29164,21.1,8.604,-273.0,28.3,-0.004                          
1,29174,21.1,8.606,-273.0,31.7,-0.004                          
1,29184,21.1,8.608,-273.0,28.3,-0.004                          
1,29194,21.1,8.609,-273.0,31.7,-0.004                          
1,29204,21.1,8.611,-273.0,28.3,-0.004                          
1,29214,21.1,8.613,-273.0,31.7,-0.004                          
1,29224,21.1,8.615,-273.0,28.3,-0.004                          
1,29234,21.1,8.617,-273.0,31.6,-0.004                          
1,29244,21.1,8.619,-273.0,28.5,-0.004                          
1,29254,21.1,8.621,-273.0,31.7,-0.004                          
1,29264,21.1,8.623,-273.0,28.3,-0.004                          
1,29274,21.1,8.625,-273.0,31.7,-0.004                          
1,29284,21.1,8.627,-273.0,28.3,-0.004                          
1,29294,21.1,8.629,-273.0,31.6,-0.004                          
1,29304,21.1,8.631,-273.0,28.3,-0.004                          
1,29314,21.1,8.633,-273.0,31.6,-0.004                          
1,29324,21.1,8.634,-273.0,28.3,-0.004                          
1,29334,21.1,8.636,-273.0,31.7,-0.004                          
1,29344,21.1,8.638,-273.0,28.4,-0.004                          
1,29354,21.1,8.640,-273.0,31.6,-0.004                          
1,29364,21.1,8.642,-273.0,28.3,-0.004                          
1,29374,21.1,8.644,-273.0,31.6,-0.004                          
1,29384,21.1,8.646,-273.0,28.6,-0.004                          
1,29394,21.1,8.648,-273.0,31.6,-0.004                          
1,29404,21.1,8.650,-273.0,28.4,-0.004                          
1,29414,21.1,8.652,-273.0,31.7,-0.004                          
1,29424,21.1,8.654,-273.0,28.4,-0.004                          
1,29434,21.1,8.655,-273.0,31.6,-0.004                          
1,29444,21.1,8.657,-273.0,28.4,-0.004                          
1,29454,21.1,8.659,-273.0,31.6,-0.004                          
1,29464,21.1,8.662,-273.0,28.5,-0.004                          
1,29474,21.1,8.663,-273.0,31.6,-0.004                          
1,29484,21.1,8.665,-273.0,28.4,-0.004                          
1,29494,21.1,8.667,-273.0,31.6,-0.004                          
1,29504,21.1,8.669,-273.0,28.4,-0.004                          
1,29514,21.1,8.671,-273.0,31.6,-0.004                          
1,29524,21.1,8.673,-273.0,28.4,-0.004                          
1,29534,21.1,8.675,-273.0,31.6,-0.004                          
1,29544,21.1,8.677,-273.0,28.4,-0.004                          
1,29554,21.1,8.678,-273.0,31.5,-0.004                          
1,29564,21.1,8.680,-273.0,28.4,-0.004                          
1,29574,21.1,8.682,-273.0,31.6,-0.004                          
1,29584,21.1,8.684,-273.0,28.4,-0.004                          
1,29594,21.1,8.686,-273.0,31.6,-0.004                          
1,29604,21.1,8.688,-273.0,28.6,-0.004                          
1,29614,21.1,8.690,-273.0,31.6,-0.004                          
1,29624,21.1,8.692,-273.0,28.4,-0.004                          
1,29634,21.1,8.694,-273.0,31.6,-0.004                          
1,29644,21.1,8.696,-273.0,28.5,-0.004                          
1,29654,21.1,8.698,-273.0,31.6,-0.004                          
1,29664,21.1,8.700,-273.0,28.4,-0.004                          
1,29674,21.1,8.702,-273.0,31.5,-0.004                          
1,29684,21.1,8.704,-273.0,28.5,-0.004                          
1,29694,21.1,8.706,-273.0,31.6,-0.004                          
1,29704,21.1,8.708,-273.0,28.4,-0.004                          
1,29714,21.1,8.710,-273.0,31.6,-0.004                          
1,29724,21.1,8.711,-273.0,28.5,-0.004                          
1,29734,21.1,8.713,-273.0,31.5,-0.004                          
1,29744,21.1,8.715,-273.0,28.5,-0.004                          
1,29754,21.1,8.717,-273.0,31.5,-0.004                          
1,29764,21.1,8.719,-273.0,28.5,-0.004                          
1,29774,21.1,8.721,-273.0,31.5,-0.004                          
1,29784,21.1,8.723,-273.0,28.6,-0.004                          
1,29794,21.1,8.725,-273.0,31.6,-0.004                          
1,29804,21.1,8.727,-273.0,28.5,-0.004                          
1,29814,21.1,8.729,-273.0,31.6,-0.004                          
1,29824,21.1,8.731,-273.0,28.5,-0.004                          
1,29834,21.1,8.732,-273.0,31.5,-0.004                          
1,29844,21.1,8.734,-273.0,28.5,-0.004                          
1,29854,21.1,8.737,-273.0,31.6,-0.004                          
1,29864,21.1,8.739,-273.0,28.5,-0.004                          
1,29874,21.1,8.740,-273.0,31.5,-0.004                          
1,29884,21.1,8.742,-273.0,28.5,-0.004                          
1,29894,21.1,8.744,-273.0,31.6,-0.004                          
1,29904,21.1,8.746,-273.0,28.6,-0.004                          
1,29914,21.1,8.748,-273.0,31.5,-0.004                          
1,29924,21.1,8.750,-273.0,28.7,-0.004                          
1,29934,21.1,8.752,-273.0,31.5,-0.004                          
1,29944,21.1,8.754,-273.0,28.6,-0.004                          
1,29954,21.1,8.755,-273.0,31.5,-0.004                          
1,29964,21.1,8.757,-273.0,28.7,-0.004                          
1,29974,21.1,8.759,-273.0,31.5,-0.004                          
1,29984,21.1,8.761,-273.0,28.6,-0.004                          
1,29994,21.1,8.763,-273.0,31.5,-0.004                          
1,30004,21.1,8.765,-273.0,28.8,-0.004                          
1,30014,21.1,8.767,-273.0,31.5,-0.004                          
1,30024,21.1,8.769,-273.0,28.6,-0.004                          
1,30034,21.1,8.771,-273.0,31.5,-0.004                          
1,30044,21.1,8.773,-273.0,28.6,-0.004                          
1,30054,21.1,8.774,-273.0,31.5,-0.004                          
1,30064,21.1,8.776,-273.0,28.6,-0.004                          
1,30074,21.1,8.778,-273.0,31.5,-0.004                          
1,30084,21.1,8.780,-273.0,28.6,-0.004                          
1,30094,21.1,8.782,-273.0,31.5,-0.004                          
1,30104,21.1,8.784,-273.0,28.6,-0.004                          
1,30114,21.1,8.785,-273.0,31.5,-0.004                          
1,30124,21.1,8.787,-273.0,28.6,-0.004                          
1,30134,21.1,8.789,-273.0,31.5,-0.004                          
1,30144,21.1,8.791,-273.0,28.8,-0.004                          
1,30154,21.1,8.793,-273.0,31.4,-0.004                          
1,30164,21.1,8.795,-273.0,28.6,-0.004                          
1,30174,21.1,8.797,-273.0,31.5,-0.004                          
1,30184,21.1,8.799,-273.0,28.8,-0.004                          
1,30194,21.1,8.801,-273.0,31.5,-0.004                          
1,30204,21.1,8.803,-273.0,28.6,-0.004                          
1,30214,21.1,8.804,-273.0,31.5,-0.004                          
1,30224,21.1,8.806,-273.0,28.7,-0.004                          
1,30234,21.1,8.808,-273.0,31.4,-0.004                          
1,30244,21.1,8.810,-273.0,28.6,-0.004                          
1,30254,21.1,8.812,-273.0,31.5,-0.004                          
1,30264,21.1,8.814,-273.0,28.7,-0.004                          
1,30274,21.1,8.816,-273.0,31.4,-0.004                          
1,30284,21.1,8.818,-273.0,28.7,-0.004                          
1,30294,21.1,8.819,-273.0,31.5,-0.004                          
1,30304,21.1,8.821,-273.0,28.7,-0.004                          
1,30314,21.1,8.823,-273.0,31.5,-0.004                          
1,30324,21.1,8.825,-273.0,28.8,-0.004                          
1,30334,21.1,8.827,-273.0,31.5,-0.004                          
1,30344,21.1,8.829,-273.0,28.7,-0.004                          
1,30354,21.1,8.831,-273.0,31.4,-0.004                          
1,30364,21.1,8.832,-273.0,28.7,-0.004                          
1,30374,21.1,8.834,-273.0,31.4,-0.004                          
1,30384,21.1,8.836,-273.0,28.7,-0.004                          
1,30394,21.1,8.838,-273.0,31.4,-0.004                          
1,30404,21.1,8.840,-273.0,28.8,-0.004                          
1,30414,21.1,8.842,-273.0,31.4,-0.004                          
1,30424,21.1,8.844,-273.0,28.7,-0.004                          
1,30434,21.1,8.846,-273.0,31.4,-0.004                          
1,30444,21.1,8.847,-273.0,28.7,-0.004                          
1,30454,21.1,8.849,-273.0,31.4,-0.004                          
1,30464,21.1,8.851,-273.0,28.9,-0.004                          
1,30474,21.1,8.853,-273.0,31.4,-0.004                          
1,30484,21.1,8.855,-273.0,28.8,-0.004                          
1,30494,21.1,8.857,-273.0,31.5,-0.004                          
1,30504,21.1,8.859,-273.0,28.9,-0.004                          
1,30514,21.1,8.861,-273.0,31.4,-0.004                          
1,30524,21.1,8.862,-273.0,28.7,-0.004                          
1,30534,21.1,8.864,-273.0,31.4,-0.004                          
1,30544,21.1,8.866,-273.0,28.8,-0.004                          
1,30554,21.1,8.868,-273.0,31.4,-0.004                          
1,30564,21.1,8.870,-273.0,28.8,-0.004                          
1,30574,21.1,8.872,-273.0,31.4,-0.004                          
1,30584,21.1,8.874,-273.0,28.8,-0.004                          
1,30594,21.1,8.876,-273.0,31.4,-0.004                          
1,30604,21.1,8.878,-273.0,28.8,-0.004                          
1,30614,21.1,8.879,-273.0,31.4,-0.004                          
1,30624,21.1,8.881,-273.0,28.7,-0.004                          
1,30634,21.1,8.883,-273.0,31.4,-0.004                          
1,30644,21.1,8.885,-273.0,28.8,-0.004                          
1,30654,21.1,8.887,-273.0,31.4,-0.004                          
1,30664,21.1,8.888,-273.0,28.8,-0.004                          
1,30674,21.1,8.890,-273.0,31.4,-0.004                          
1,30684,21.1,8.893,-273.0,28.9,-0.004                          
1,30694,21.1,8.894,-273.0,31.4,-0.004                          
1,30704,21.1,8.896,-273.0,28.8,-0.004                          
1,30714,21.1,8.898,-273.0,31.4,-0.004                          
1,30724,21.1,8.900,-273.0,28.9,-0.004                          
1,30734,21.1,8.902,-273.0,31.4,-0.004                          
1,30744,21.1,8.903,-273.0,28.8,-0.004                          
1,30754,21.1,8.905,-273.0,31.4,-0.004                          
1,30764,21.1,8.907,-273.0,28.8,-0.004                          
1,30774,21.1,8.910,-273.0,31.4,-0.004                          
1,30784,21.1,8.911,-273.0,28.8,-0.004                          
1,30794,21.1,8.912,-273.0,31.3,-0.004                          
1,30804,21.1,8.915,-273.0,28.8,-0.004                          
1,30814,21.1,8.917,-273.0,31.3,-0.004                          
1,30824,21.1,8.918,-273.0,28.8,-0.004                          
1,30834,21.1,8.920,-273.0,31.4,-0.004                          
1,30844,21.1,8.922,-273.0,28.8,-0.004                          
1,30854,21.1,8.924,-273.0,31.4,-0.004                          
1,30864,21.1,8.926,-273.0,29.0,-0.004                          
1,30874,21.1,8.927,-273.0,31.4,-0.004                          
1,30884,21.1,8.930,-273.0,28.8,-0.004                          
1,30894,21.1,8.931,-273.0,31.4,-0.004                          
1,30904,21.1,8.933,-273.0,28.9,-0.004                          
1,30914,21.1,8.935,-273.0,31.4,-0.004                          
1,30924,21.1,8.937,-273.0,28.9,-0.004                          
1,30934,21.1,8.939,-273.0,31.4,-0.004                          
1,30944,21.1,8.940,-273.0,28.8,-0.004                          
1,30954,21.1,8.942,-273.0,31.4,-0.004                          
1,30964,21.1,8.944,-273.0,28.9,-0.004                          
1,30974,21.1,8.946,-273.0,31.4,-0.004                          
1,30984,21.1,8.948,-273.0,28.8,-0.004                          
1,30994,21.1,8.950,-273.0,31.4,-0.004                          
1,31004,21.1,8.951,-273.0,28.9,-0.004                          
1,31014,21.1,8.954,-273.0,31.3,-0.004                          
1,31024,21.1,8.955,-273.0,28.9,-0.004                          
1,31034,21.1,8.957,-273.0,31.4,-0.004                          
1,31044,21.1,8.959,-273.0,29.0,-0.004                          
1,31054,21.1,8.961,-273.0,31.4,-0.004                          
1,31064,21.1,8.963,-273.0,28.9,-0.004                          
1,31074,21.1,8.965,-273.0,31.4,-0.004                          
1,31084,21.1,8.966,-273.0,28.9,-0.004                          
1,31094,21.1,8.968,-273.0,31.4,-0.004                          
1,31104,21.1,8.970,-273.0,28.9,-0.004                          
1,31114,21.1,8.972,-273.0,31.3,-0.004                          
1,31124,21.1,8.974,-273.0,28.9,-0.004                          
1,31134,21.1,8.976,-273.0,31.3,-0.004                          
1,31144,21.1,8.977,-273.0,28.9,-0.004                          
1,31154,21.1,8.979,-273.0,31.3,-0.004                          
1,31164,21.1,8.981,-273.0,28.9,-0.004                          
1,31174,21.1,8.983,-273.0,31.3,-0.004                          
1,31184,21.1,8.984,-273.0,28.9,-0.004                          
1,31194,21.1,8.987,-273.0,31.4,-0.004                          
1,31204,21.1,8.988,-273.0,28.9,-0.004                          
1,31214,21.1,8.990,-273.0,31.3,-0.004                          
1,31224,21.1,8.992,-273.0,28.9,-0.004                          
1,31234,21.1,8.994,-273.0,31.4,-0.004                          
1,31244,21.1,8.996,-273.0,28.9,-0.004                          
1,31254,21.1,8.997,-273.0,31.3,-0.004                          
1,31264,21.1,8.999,-273.0,29.1,-0.004                          
1,31274,21.1,9.001,-273.0,31.4,-0.004                          
1,31284,21.1,9.003,-273.0,29.0,-0.004                          
1,31294,21.1,9.005,-273.0,31.4,-0.004                          
1,31304,21.1,9.007,-273.0,28.9,-0.004                          
1,31314,21.1,9.009,-273.0,31.3,-0.004                          
1,31324,21.1,9.010,-273.0,28.9,-0.004                          
1,31334,21.1,9.012,-273.0,31.3,-0.004                          
1,31344,21.1,9.014,-273.0,28.9,-0.004                          
1,31354,21.1,9.016,-273.0,31.3,-0.004                          
1,31364,21.1,9.018,-273.0,28.9,-0.004                          
1,31374,21.1,9.020,-273.0,31.3,-0.004                          
1,31384,21.1,9.021,-273.0,29.0,-0.004                          
1,31394,21.1,9.023,-273.0,31.3,-0.004                          
1,31404,21.1,9.025,-273.0,29.1,-0.004                          
1,31414,21.1,9.027,-273.0,31.3,-0.004                          
1,31424,21.1,9.028,-273.0,28.9,-0.004                          
1,31434,21.1,9.031,-273.0,31.3,-0.004                          
1,31444,21.1,9.033,-273.0,29.1,-0.004                          
1,31454,21.1,9.034,-273.0,31.3,-0.004                          
1,31464,21.1,9.036,-273.0,28.9,-0.004                          
1,31474,21.1,9.038,-273.0,31.3,-0.004                          
1,31484,21.1,9.040,-273.0,28.9,-0.004                          
1,31494,21.1,9.041,-273.0,31.3,-0.004                          
1,31504,21.1,9.043,-273.0,28.9,-0.004                          
1,31514,21.1,9.045,-273.0,31.3,-0.004                          
1,31524,21.1,9.047,-273.0,29.0,-0.004                          
1,31534,21.1,9.049,-273.0,31.3,-0.004                          
1,31544,21.1,9.050,-273.0,29.0,-0.004                          
1,31554,21.1,9.052,-273.0,31.4,-0.004                          
1,31564,21.1,9.054,-273.0,28.9,-0.004                          
1,31574,21.1,9.056,-273.0,31.4,-0.004                          
1,31584,21.1,9.058,-273.0,29.1,-0.004                          
1,31594,21.1,9.059,-273.0,31.3,-0.004                          
1,31604,21.1,9.061,-273.0,29.0,-0.004                          
1,31614,21.1,9.063,-273.0,31.3,-0.004                          
1,31624,21.1,9.065,-273.0,29.0,-0.004                          
1,31634,21.1,9.067,-273.0,31.4,-0.004                          
1,31644,21.1,9.068,-273.0,29.0,-0.004                          
1,31654,21.1,9.070,-273.0,31.3,-0.004                          
1,31664,21.1,9.072,-273.0,29.0,-0.004                          
1,31674,21.1,9.074,-273.0,31.3,-0.004                          
1,31684,21.1,9.076,-273.0,29.0,-0.004                          
1,31694,21.1,9.077,-273.0,31.3,-0.004                          
1,31704,21.1,9.079,-273.0,29.0,-0.004                          
1,31714,21.1,9.081,-273.0,31.3,-0.004                          
1,31724,21.1,9.083,-273.0,29.1,-0.004                          
1,31734,21.1,9.085,-273.0,31.4,-0.004                          
1,31744,21.1,9.086,-273.0,29.0,-0.004                          
1,31754,21.1,9.088,-273.0,31.4,-0.004                          
1,31764,21.1,9.090,-273.0,29.1,-0.004                          
1,31774,21.1,9.093,-273.0,31.3,-0.004                          
1,31784,21.1,9.094,-273.0,29.0,-0.004                          
1,31794,21.1,9.095,-273.0,31.3,-0.004                          
1,31804,21.1,9.098,-273.0,29.1,-0.004                          
1,31814,21.1,9.100,-273.0,31.3,-0.004                          
1,31824,21.1,9.101,-273.0,29.0,-0.004                          
1,31834,21.1,9.103,-273.0,31.4,-0.004                          
1,31844,21.1,9.104,-273.0,29.1,-0.004                          
1,31854,21.1,9.106,-273.0,31.3,-0.004                          
1,31864,21.1,9.108,-273.0,29.0,-0.004                          
1,31874,21.1,9.110,-273.0,31.3,-0.004                          
1,31884,21.1,9.112,-273.0,29.0,-0.004                          
1,31894,21.1,9.114,-273.0,31.3,-0.004                          
1,31904,21.1,9.115,-273.0,29.0,-0.004                          
1,31914,21.1,9.117,-273.0,31.3,-0.004                          
1,31924,21.1,9.119,-273.0,29.0,-0.004                          
1,31934,21.1,9.121,-273.0,31.3,-0.004                          
1,31944,21.1,9.123,-273.0,29.0,-0.004                          
1,31954,21.1,9.125,-273.0,31.3,-0.004                          
1,31964,21.1,9.126,-273.0,29.0,-0.004                          
1,31974,21.1,9.128,-273.0,31.3,-0.004                          
1,31984,21.1,9.130,-273.0,29.2,-0.004                          
1,31994,21.1,9.132,-273.0,31.3,-0.004                          
1,32004,21.1,9.133,-273.0,29.0,-0.004                          
1,32014,21.1,9.135,-273.0,31.3,-0.004                          
1,32024,21.1,9.137,-273.0,29.0,-0.004                          
1,32034,21.1,9.139,-273.0,31.3,-0.004                          
1,32044,21.1,9.141,-273.0,29.0,-0.004                          
1,32054,21.1,9.143,-273.0,31.3,-0.004                          
1,32064,21.1,9.144,-273.0,29.0,-0.004                          
1,32074,21.1,9.146,-273.0,31.3,-0.004                          
1,32084,21.1,9.148,-273.0,29.0,-0.004                          
1,32094,21.1,9.150,-273.0,31.3,-0.004                          
1,32104,21.1,9.152,-273.0,29.1,-0.004                          
1,32114,21.1,9.153,-273.0,31.3,-0.004                          
1,32124,21.1,9.155,-273.0,29.2,-0.004                          
1,32134,21.1,9.157,-273.0,31.3,-0.004                          
1,32144,21.1,9.159,-273.0,29.0,-0.004                          
1,32154,21.1,9.160,-273.0,31.3,-0.004                          
1,32164,21.1,9.162,-273.0,29.1,-0.004                          
1,32174,21.1,9.164,-273.0,31.3,-0.004                          
1,32184,21.1,9.165,-273.0,29.1,-0.004                          
1,32194,21.1,9.167,-273.0,31.3,-0.004                          
1,32204,21.1,9.169,-273.0,29.1,-0.004                          
1,32214,21.1,9.171,-273.0,31.3,-0.004                          
1,32224,21.1,9.173,-273.0,29.1,-0.004                          
1,32234,21.1,9.175,-273.0,31.3,-0.004                          
1,32244,21.1,9.176,-273.0,29.1,-0.004                          
1,32254,21.1,9.178,-273.0,31.3,-0.004                          
1,32264,21.1,9.180,-273.0,29.1,-0.004                          
1,32274,21.1,9.182,-273.0,31.3,-0.004                          
1,32284,21.1,9.184,-273.0,29.1,-0.004                          
1,32294,21.1,9.185,-273.0,31.3,-0.004                          
1,32304,21.1,9.187,-273.0,29.2,-0.004                          
1,32314,21.1,9.189,-273.0,31.3,-0.004                          
1,32324,21.1,9.191,-273.0,29.1,-0.004                          
1,32334,21.1,9.192,-273.0,31.3,-0.004                          
1,32344,21.1,9.195,-273.0,29.2,-0.004                          
1,32354,21.1,9.196,-273.0,31.3,-0.004                          
1,32364,21.1,9.198,-273.0,29.1,-0.004                          
1,32374,21.1,9.200,-273.0,31.3,-0.004                          
1,32384,21.1,9.201,-273.0,29.2,-0.004                          
1,32394,21.1,9.203,-273.0,31.3,-0.004                          
1,32404,21.1,9.205,-273.0,29.1,-0.004                          
1,32414,21.1,9.207,-273.0,31.3,-0.004                          
1,32424,21.1,9.209,-273.0,29.1,-0.004                          
1,32434,21.1,9.210,-273.0,31.3,-0.004                          
1,32444,21.1,9.212,-273.0,29.1,-0.004                          
1,32454,21.1,9.214,-273.0,31.3,-0.004                          
1,32464,21.1,9.216,-273.0,29.1,-0.004                          
1,32474,21.1,9.218,-273.0,31.3,-0.004                          
1,32484,21.1,9.219,-273.0,29.1,-0.004                          
1,32494,21.1,9.221,-273.0,31.3,-0.004                          
1,32504,21.1,9.223,-273.0,29.1,-0.004                          
1,32514,21.1,9.225,-273.0,31.3,-0.004                          
1,32524,21.1,9.226,-273.0,29.2,-0.004                          
1,32534,21.1,9.228,-273.0,31.3,-0.004                          
1,32544,21.1,9.230,-273.0,29.1,-0.004                          
1,32554,21.1,9.232,-273.0,31.3,-0.004                          
1,32564,21.1,9.233,-273.0,29.2,-0.004                          
1,32574,21.1,9.235,-273.0,31.3,-0.004                          
1,32584,21.1,9.237,-273.0,29.1,-0.004                          
1,32594,21.1,9.239,-273.0,31.3,-0.004                          
1,32604,21.1,9.240,-273.0,29.2,-0.004                          
1,32614,21.1,9.243,-273.0,31.2,-0.004                          
1,32624,21.1,9.244,-273.0,29.2,-0.004                          
1,32634,21.1,9.246,-273.0,31.3,-0.004                          
1,32644,21.1,9.247,-273.0,29.1,-0.004                          
1,32654,21.1,9.249,-273.0,31.3,-0.004                          
1,32664,21.1,9.251,-273.0,29.1,-0.004                          
1,32674,21.1,9.253,-273.0,31.3,-0.004                          
1,32684,21.1,9.255,-273.0,29.1,-0.004                          
1,32694,21.1,9.257,-273.0,31.3,-0.004                          
1,32704,21.1,9.258,-273.0,29.2,-0.004                          
1,32714,21.1,9.260,-273.0,31.3,-0.004                          
1,32724,21.1,9.261,-273.0,29.1,-0.004                          
1,32734,21.1,9.263,-273.0,31.3,-0.004                          
1,32744,21.1,9.265,-273.0,29.1,-0.004                          
1,32754,21.1,9.267,-273.0,31.3,-0.004                          
1,32764,21.1,9.268,-273.0,29.1,-0.004                          
1,32774,21.1,9.270,-273.0,31.3,-0.004                          
1,32784,21.1,9.272,-273.0,29.1,-0.004                          
1,32794,21.1,9.274,-273.0,31.3,-0.004                          
1,32804,21.1,9.275,-273.0,29.2,-0.004                          
1,32814,21.1,9.277,-273.0,31.3,-0.004                          
1,32824,21.1,9.279,-273.0,29.1,-0.004                          
1,32834,21.1,9.281,-273.0,31.3,-0.004                          
1,32844,21.1,9.282,-273.0,29.3,-0.004                          
1,32854,21.1,9.284,-273.0,31.3,-0.004                          
1,32864,21.1,9.286,-273.0,29.1,-0.004                          
1,32874,21.1,9.288,-273.0,31.3,-0.004                          
1,32884,21.1,9.290,-273.0,29.2,-0.004                          
1,32894,21.1,9.291,-273.0,31.3,-0.004                          
1,32904,21.1,9.292,-273.0,29.2,-0.004                          
1,32914,21.1,9.295,-273.0,31.3,-0.004                          
1,32924,21.1,9.297,-273.0,29.3,-0.004                          
1,32934,21.1,9.298,-273.0,31.3,-0.004                          
1,32944,21.1,9.300,-273.0,29.2,-0.004                          
1,32954,21.1,9.301,-273.0,31.3,-0.004                          
1,32964,21.1,9.303,-273.0,29.2,-0.004                          
1,32974,21.1,9.305,-273.0,31.3,-0.004                          
1,32984,21.1,9.306,-273.0,29.2,-0.004                          
1,32994,21.1,9.309,-273.0,31.4,-0.004                          
1,33004,21.1,9.311,-273.0,29.2,-0.004                          
1,33014,21.1,9.312,-273.0,31.3,-0.004                          
1,33024,21.1,9.314,-273.0,29.2,-0.004                          
1,33034,21.1,9.316,-273.0,31.3,-0.004                          
1,33044,21.1,9.317,-273.0,29.2,-0.004                          
1,33054,21.1,9.319,-273.0,31.2,-0.004                          
1,33064,21.1,9.321,-273.0,29.2,-0.004                          
1,33074,21.1,9.323,-273.0,31.3,-0.004                          
1,33084,21.1,9.324,-273.0,29.2,-0.004                          
1,33094,21.1,9.326,-273.0,31.3,-0.004                          
1,33104,21.1,9.328,-273.0,29.3,-0.004                          
1,33114,21.1,9.330,-273.0,31.3,-0.004                          
1,33124,21.1,9.331,-273.0,29.2,-0.004                          
1,33134,21.1,9.333,-273.0,31.3,-0.004                          
1,33144,21.1,9.334,-273.0,29.2,-0.004                          
1,33154,21.1,9.337,-273.0,31.3,-0.004                          
1,33164,21.1,9.338,-273.0,29.2,-0.004                          
1,33174,21.1,9.340,-273.0,31.3,-0.004                          
1,33184,21.1,9.342,-273.0,29.2,-0.004                          
1,33194,21.1,9.343,-273.0,31.3,-0.004                          
1,33204,21.1,9.345,-273.0,29.2,-0.004                          
1,33214,21.1,9.347,-273.0,31.3,-0.004                          
1,33224,21.1,9.349,-273.0,29.2,-0.004                          
1,33234,21.1,9.351,-273.0,31.3,-0.004                          
1,33244,21.1,9.352,-273.0,29.3,-0.004                          
1,33254,21.1,9.354,-273.0,31.3,-0.004                          
1,33264,21.1,9.356,-273.0,29.2,-0.004                          
1,33274,21.1,9.358,-273.0,31.3,-0.004                          
1,33284,21.1,9.359,-273.0,29.3,-0.004                          
1,33294,21.1,9.361,-273.0,31.3,-0.004                          
1,33304,21.1,9.363,-273.0,29.2,-0.004                          
1,33314,21.1,9.364,-273.0,31.3,-0.004                          
1,33324,21.1,9.366,-273.0,29.2,-0.004                          
1,33334,21.1,9.368,-273.0,31.3,-0.004                          
1,33344,21.1,9.369,-273.0,29.2,-0.004                          
1,33354,21.1,9.371,-273.0,31.3,-0.004                          
1,33364,21.1,9.373,-273.0,29.2,-0.004                          
1,33374,21.1,9.375,-273.0,31.2,-0.004                          
1,33384,21.1,9.376,-273.0,29.2,-0.004                          
1,33394,21.1,9.378,-273.0,31.3,-0.004                          
1,33404,21.1,9.380,-273.0,29.2,-0.004                          
1,33414,21.1,9.382,-273.0,31.3,-0.004                          
1,33424,21.1,9.383,-273.0,29.3,-0.004                          
1,33434,21.1,9.385,-273.0,31.3,-0.004                          
1,33444,21.1,9.387,-273.0,29.2,-0.004                          
1,33454,21.1,9.389,-273.0,31.3,-0.004                          
1,33464,21.1,9.390,-273.0,29.3,-0.004                          
1,33474,21.1,9.392,-273.0,31.3,-0.004                          
1,33484,21.1,9.393,-273.0,29.2,-0.004                          
1,33494,21.1,9.395,-273.0,31.3,-0.004                          
1,33504,21.1,9.397,-273.0,29.2,-0.004                          
1,33514,21.1,9.399,-273.0,31.3,-0.004                          
1,33524,21.1,9.400,-273.0,29.2,-0.004                          
1,33534,21.1,9.402,-273.0,31.2,-0.004                          
1,33544,21.1,9.404,-273.0,29.2,-0.004                          
1,33554,21.1,9.406,-273.0,31.3,-0.004                          
1,33564,21.1,9.407,-273.0,29.2,-0.004                          
1,33574,21.1,9.409,-273.0,31.3,-0.004                          
1,33584,21.1,9.411,-273.0,29.3,-0.004                          
1,33594,21.1,9.413,-273.0,31.3,-0.004                          
1,33604,21.1,9.414,-273.0,29.2,-0.004                          
1,33614,21.1,9.416,-273.0,31.3,-0.004                          
1,33624,21.1,9.418,-273.0,29.2,-0.004                          
1,33634,21.1,9.420,-273.0,31.3,-0.004                          
1,33644,21.1,9.421,-273.0,29.3,-0.004                          
1,33654,21.1,9.423,-273.0,31.3,-0.004                          
1,33664,21.1,9.424,-273.0,29.3,-0.004                          
1,33674,21.1,9.426,-273.0,31.3,-0.004                          
1,33684,21.1,9.428,-273.0,29.3,-0.004                          
1,33694,21.1,9.430,-273.0,31.3,-0.004                          
1,33704,21.1,9.431,-273.0,29.2,-0.004                          
1,33714,21.1,9.433,-273.0,31.3,-0.004                          
1,33724,21.1,9.435,-273.0,29.2,-0.004                          
1,33734,21.1,9.437,-273.0,31.3,-0.004                          
1,33744,21.1,9.438,-273.0,29.2,-0.004                          
1,33754,21.1,9.440,-273.0,31.3,-0.004                          
1,33764,21.1,9.441,-273.0,29.2,-0.004                          
1,33774,21.1,9.443,-273.0,31.3,-0.004                          
1,33784,21.1,9.445,-273.0,29.3,-0.004                          
1,33794,21.1,9.447,-273.0,31.3,-0.004                          
1,33804,21.1,9.448,-273.0,29.3,-0.004                          
1,33814,21.1,9.450,-273.0,31.3,-0.004                          
1,33824,21.1,9.451,-273.0,29.4,-0.004                          
1,33834,21.1,9.453,-273.0,31.3,-0.004                          
1,33844,21.1,9.455,-273.0,29.3,-0.004                          
1,33854,21.1,9.457,-273.0,31.3,-0.004                          
1,33864,21.1,9.458,-273.0,29.3,-0.004                          
1,33874,21.1,9.460,-273.0,31.3,-0.004                          
1,33884,21.1,9.462,-273.0,29.3,-0.004                          
1,33894,21.1,9.464,-273.0,31.3,-0.004                          
1,33904,21.1,9.465,-273.0,29.3,-0.004                          
1,33914,21.1,9.467,-273.0,31.3,-0.004                          
1,33924,21.1,9.469,-273.0,29.3,-0.004                          
1,33934,21.1,9.470,-273.0,31.3,-0.004                          
1,33944,21.1,9.472,-273.0,29.3,-0.004                          
1,33954,21.1,9.473,-273.0,31.3,-0.004                          
1,33964,21.1,9.475,-273.0,29.3,-0.004                          
1,33974,21.1,9.477,-273.0,31.3,-0.004                          
1,33984,21.1,9.479,-273.0,29.3,-0.004                          
1,33994,21.1,9.480,-273.0,31.3,-0.004                          
1,34004,21.1,9.482,-273.0,29.3,-0.004                          
1,34014,21.1,9.484,-273.0,31.3,-0.004                          
1,34024,21.1,9.485,-273.0,29.3,-0.004                          
1,34034,21.1,9.487,-273.0,31.3,-0.004                          
1,34044,21.1,9.489,-273.0,29.3,-0.004                          
1,34054,21.1,9.490,-273.0,31.3,-0.004                          
1,34064,21.1,9.492,-273.0,29.2,-0.004                          
1,34074,21.1,9.494,-273.0,31.3,-0.004                          
1,34084,21.1,9.495,-273.0,29.3,-0.004                          
1,34094,21.1,9.497,-273.0,31.3,-0.004                          
1,34104,21.1,9.499,-273.0,29.3,-0.004                          
1,34114,21.1,9.501,-273.0,31.3,-0.004                          
1,34124,21.1,9.502,-273.0,29.3,-0.004                          
1,34134,21.1,9.504,-273.0,31.3,-0.004                          
1,34144,21.1,9.505,-273.0,29.3,-0.004                          
1,34154,21.1,9.507,-273.0,31.3,-0.004                          
1,34164,21.1,9.508,-273.0,29.3,-0.004                          
1,34174,21.1,9.510,-273.0,31.2,-0.004                          
1,34184,21.1,9.512,-273.0,29.4,-0.004                          
1,34194,21.1,9.514,-273.0,31.3,-0.004                          
1,34204,21.1,9.515,-273.0,29.3,-0.004                          
1,34214,21.1,9.517,-273.0,31.3,-0.004                          
1,34224,21.1,9.519,-273.0,29.4,-0.004                          
1,34234,21.1,9.521,-273.0,31.3,-0.004                          
1,34244,21.1,9.522,-273.0,29.3,-0.004                          
1,34254,21.1,9.524,-273.0,31.3,-0.004                          
1,34264,21.1,9.525,-273.0,29.3,-0.004                          
1,34274,21.1,9.527,-273.0,31.3,-0.004                          
1,34284,21.1,9.529,-273.0,29.3,-0.004                          
1,34294,21.1,9.530,-273.0,31.3,-0.004                          
1,34304,21.1,9.532,-273.0,29.3,-0.004                          
1,34314,21.1,9.534,-273.0,31.3,-0.004                          
1,34324,21.1,9.536,-273.0,29.3,-0.004                          
1,34334,21.1,9.537,-273.0,31.3,-0.004                          
1,34344,21.1,9.539,-273.0,29.3,-0.004                          
1,34354,21.1,9.540,-273.0,31.3,-0.004                          
1,34364,21.1,9.542,-273.0,29.4,-0.004                          
1,34374,21.1,9.545,-273.0,31.3,-0.004                          
1,34384,21.1,9.546,-273.0,29.3,-0.004                          
1,34394,21.1,9.548,-273.0,31.3,-0.004                          
1,34404,21.1,9.549,-273.0,29.4,-0.004                          
1,34414,21.1,9.551,-273.0,31.3,-0.004                          
1,34424,21.1,9.553,-273.0,29.4,-0.004                          
1,34434,21.1,9.554,-273.0,31.3,-0.004                          
1,34444,21.1,9.556,-273.0,29.4,-0.004                          
1,34454,21.1,9.558,-273.0,31.3,-0.004                          
1,34464,21.1,9.560,-273.0,29.4,-0.004                          
1,34474,21.1,9.561,-273.0,31.2,-0.004                          
1,34484,21.1,9.563,-273.0,29.3,-0.004                          
1,34494,21.1,9.565,-273.0,31.3,-0.004                          
1,34504,21.1,9.567,-273.0,29.4,-0.004                          
1,34514,21.1,9.568,-273.0,31.3,-0.004                          
1,34524,21.1,9.570,-273.0,29.3,-0.004                          
1,34534,21.1,9.571,-273.0,31.3,-0.004                          
1,34544,21.1,9.573,-273.0,29.4,-0.004                          
1,34554,21.1,9.575,-273.0,31.3,-0.004                          
1,34564,21.1,9.577,-273.0,29.4,-0.004                          
1,34574,21.1,9.578,-273.0,31.3,-0.004                          
1,34584,21.1,9.579,-273.0,29.3,-0.004                          
1,34594,21.1,9.581,-273.0,31.3,-0.004                          
1,34604,21.1,9.583,-273.0,29.3,-0.004                          
1,34614,21.1,9.585,-273.0,31.3,-0.004                          
1,34624,21.1,9.586,-273.0,29.3,-0.004                          
1,34634,21.1,9.588,-273.0,31.3,-0.004                          
1,34644,21.1,9.590,-273.0,29.3,-0.004                          
1,34654,21.1,9.591,-273.0,31.3,-0.004                          
1,34664,21.1,9.593,-273.0,29.4,-0.004                          
1,34674,21.1,9.595,-273.0,31.3,-0.004                          
1,34684,21.1,9.597,-273.0,29.4,-0.004                          
1,34694,21.1,9.598,-273.0,31.3,-0.004                          
1,34704,21.1,9.600,-273.0,29.4,-0.004                          
1,34714,21.1,9.601,-273.0,31.3,-0.004                          
1,34724,21.1,9.603,-273.0,29.4,-0.004                          
1,34734,21.1,9.605,-273.0,31.3,-0.004                          
1,34744,21.1,9.607,-273.0,29.4,-0.004                          
1,34754,21.1,9.608,-273.0,31.3,-0.004                          
1,34764,21.1,9.610,-273.0,29.4,-0.004                          
1,34774,21.1,9.612,-273.0,31.3,-0.004                          
1,34784,21.1,9.613,-273.0,29.4,-0.004                          
1,34794,21.1,9.614,-273.0,31.3,-0.004                          
1,34804,21.1,9.616,-273.0,29.4,-0.004                          
1,34814,21.1,9.618,-273.0,31.3,-0.004                          
1,34824,21.1,9.620,-273.0,29.4,-0.004                          
1,34834,21.1,9.621,-273.0,31.3,-0.004                          
1,34844,21.1,9.623,-273.0,29.4,-0.004                          
1,34854,21.1,9.624,-273.0,31.2,-0.004                          
1,34864,21.1,9.626,-273.0,29.4,-0.004                          
1,34874,21.1,9.628,-273.0,31.3,-0.004                          
1,34884,21.1,9.630,-273.0,29.4,-0.004                          
1,34894,21.1,9.631,-273.0,31.3,-0.004                          
1,34904,21.1,9.633,-273.0,29.4,-0.004                          
1,34914,21.1,9.635,-273.0,31.3,-0.004                          
1,34924,21.1,9.636,-273.0,29.4,-0.004                          
1,34934,21.1,9.638,-273.0,31.3,-0.004                          
1,34944,21.1,9.640,-273.0,29.4,-0.004                          
1,34954,21.1,9.641,-273.0,31.2,-0.004                          
1,34964,21.1,9.643,-273.0,29.4,-0.004                          
1,34974,21.1,9.645,-273.0,31.3,-0.004                          
1,34984,21.1,9.646,-273.0,29.4,-0.004                          
1,34994,21.1,9.648,-273.0,31.2,-0.004                          
1,35004,21.1,9.650,-273.0,29.4,-0.004                          
1,35014,21.1,9.652,-273.0,31.3,-0.004                          
1,35024,21.1,9.653,-273.0,29.4,-0.004                          
1,35034,21.1,9.655,-273.0,31.3,-0.004                          
1,35044,21.1,9.656,-273.0,29.4,-0.004                          
1,35054,21.1,9.658,-273.0,31.3,-0.004                          
1,35064,21.1,9.660,-273.0,29.4,-0.004                          
1,35074,21.1,9.662,-273.0,31.2,-0.004                          
1,35084,21.1,9.663,-273.0,29.5,-0.004                          
1,35094,21.1,9.665,-273.0,31.3,-0.004                          
1,35104,21.1,9.667,-273.0,29.4,-0.004                          
1,35114,21.1,9.668,-273.0,31.2,-0.004                          
1,35124,21.1,9.670,-273.0,29.5,-0.004                          
1,35134,21.1,9.672,-273.0,31.1,-0.004                          
1,35144,21.1,9.673,-273.0,29.5,-0.004                          
1,35154,21.1,9.675,-273.0,31.1,-0.004                          
1,35164,21.1,9.676,-273.0,29.6,-0.004                          
1,35174,21.1,9.678,-273.0,31.1,-0.004                          
1,35184,21.1,9.680,-273.0,29.6,-0.004                          
1,35194,21.1,9.681,-273.0,31.1,-0.004                          
1,35204,21.1,9.683,-273.0,29.6,-0.004                          
1,35214,21.1,9.685,-273.0,31.0,-0.004                          
1,35224,21.1,9.686,-273.0,29.8,-0.004                          
1,35234,21.1,9.688,-273.0,31.0,-0.004                          
1,35244,21.1,9.690,-273.0,29.7,-0.004                          
1,35254,21.1,9.691,-273.0,30.9,-0.004                          
1,35264,21.1,9.693,-273.0,29.8,-0.004                          
1,35274,21.1,9.695,-273.0,31.0,-0.004                          
1,35284,21.1,9.696,-273.0,29.8,-0.004                          
1,35294,21.1,9.698,-273.0,30.9,-0.004                          
1,35304,21.1,9.699,-273.0,29.8,-0.004                          
1,35314,21.1,9.701,-273.0,30.9,-0.004                          
1,35324,21.1,9.702,-273.0,29.8,-0.004                          
1,35334,21.1,9.705,-273.0,30.9,-0.004                          
1,35344,21.1,9.706,-273.0,29.8,-0.004                          
1,35354,21.1,9.708,-273.0,30.8,-0.004                          
1,35364,21.1,9.709,-273.0,29.8,-0.004                          
1,35374,21.1,9.711,-273.0,30.8,-0.004                          
1,35384,21.1,9.712,-273.0,29.8,-0.004                          
1,35394,21.1,9.714,-273.0,30.8,-0.004                          
1,35404,21.1,9.715,-273.0,29.8,-0.004                          
1,35414,21.1,9.717,-273.0,30.8,-0.004                          
1,35424,21.1,9.718,-273.0,29.7,-0.004                          
1,35434,21.1,9.720,-273.0,30.7,-0.004                          
1,35444,21.1,9.722,-273.0,29.7,-0.004                          
1,35454,21.1,9.724,-273.0,30.7,-0.004                          
1,35464,21.1,9.725,-273.0,29.6,-0.004                          
1,35474,21.1,9.727,-273.0,30.6,-0.004                          
1,35484,21.1,9.729,-273.0,29.6,-0.004                          
1,35494,21.1,9.731,-273.0,30.6,-0.004                          
1,35504,21.1,9.732,-273.0,29.5,-0.004                          
1,35514,21.1,9.734,-273.0,30.5,-0.004                          
1,35524,21.1,9.735,-273.0,29.5,-0.004                          
1,35534,21.1,9.737,-273.0,30.4,-0.004                          
1,35544,21.1,9.738,-273.0,29.5,-0.004                          
1,35554,21.1,9.740,-273.0,30.4,-0.004                          
1,35564,21.1,9.742,-273.0,29.4,-0.004                          
1,35574,21.1,9.744,-273.0,30.3,-0.004                          
1,35584,21.1,9.745,-273.0,29.3,-0.004                          
1,35594,21.1,9.746,-273.0,30.2,-0.004                          
1,35604,21.1,9.748,-273.0,29.2,-0.004                          
1,35614,21.1,9.750,-273.0,30.2,-0.004                          
1,35624,21.1,9.751,-273.0,29.2,-0.004                          
1,35634,21.1,9.753,-273.0,30.1,-0.004                          
1,35644,21.1,9.755,-273.0,29.1,-0.004                          
1,35654,21.1,9.756,-273.0,30.0,-0.004                          
1,35664,21.1,9.758,-273.0,29.0,-0.004                          
1,35674,21.1,9.760,-273.0,29.9,-0.004                          
1,35684,21.1,9.761,-273.0,28.9,-0.004                          
1,35694,21.1,9.763,-273.0,29.9,-0.004                          
1,35704,21.1,9.764,-273.0,28.8,-0.004                          
1,35714,21.1,9.766,-273.0,29.7,-0.004                          
1,35724,21.1,9.767,-273.0,28.8,-0.004                          
1,35734,21.1,9.769,-273.0,29.6,-0.004                          
1,35744,21.1,9.771,-273.0,28.7,-0.004                          
1,35754,21.1,9.772,-273.0,29.5,-0.004                          
1,35764,21.1,9.774,-273.0,28.7,-0.004                          
1,35774,21.1,9.776,-273.0,29.5,-0.004                          
1,35784,21.1,9.777,-273.0,28.6,-0.004                          
1,35794,21.1,9.779,-273.0,29.4,-0.004                          
1,35804,21.1,9.781,-273.0,28.6,-0.004                          
1,35814,21.1,9.783,-273.0,29.3,-0.004                          
1,35824,21.1,9.784,-273.0,28.5,-0.004                          
1,35834,21.1,9.785,-273.0,29.2,-0.004                          
1,35844,21.1,9.787,-273.0,28.4,-0.004                          
1,35854,21.1,9.788,-273.0,29.1,-0.004                          
1,35864,21.1,9.790,-273.0,28.3,-0.004                          
1,35874,21.1,9.792,-273.0,29.0,-0.004                          
1,35884,21.1,9.793,-273.0,28.2,-0.004                          
1,35894,21.1,9.795,-273.0,28.9,-0.004                          
1,35904,21.1,9.797,-273.0,28.1,-0.004                          
1,35914,21.1,9.798,-273.0,28.9,-0.004                          
1,35924,21.1,9.800,-273.0,28.2,-0.004                          
1,35934,21.1,9.801,-273.0,28.7,-0.004                          
1,35944,21.1,9.803,-273.0,27.9,-0.004                          
1,35954,21.1,9.804,-273.0,28.9,-0.004                          
1,35964,21.1,9.806,-273.0,28.1,-0.004                          
1,35974,21.1,9.808,-273.0,28.6,-0.004                          
1,35984,21.1,9.809,-273.0,28.1,-0.004                          
1,35994,21.1,9.811,-273.0,28.5,-0.004                          
1,36004,21.1,9.813,-273.0,27.8,-0.004                          
1,36014,21.1,9.814,-273.0,28.4,-0.004                          
1,36024,21.1,9.816,-273.0,27.6,-0.004                          
1,36034,21.1,9.818,-273.0,28.0,-0.004                          
1,36044,21.1,9.819,-273.0,27.3,-0.004                          
1,36054,21.1,9.821,-273.0,28.1,-0.004                          
1,36064,21.1,9.822,-273.0,27.5,-0.004                          
1,36074,21.1,9.824,-273.0,28.5,-0.004                          
1,36084,21.1,9.825,-273.0,27.8,-0.004                          
1,36094,21.1,9.827,-273.0,28.4,-0.004                          
1,36104,21.1,9.828,-273.0,27.6,-0.004                          
1,36114,21.1,9.830,-273.0,28.1,-0.004                          
1,36124,21.1,9.832,-273.0,27.4,-0.004                          
1,36134,21.1,9.833,-273.0,28.1,-0.004                          
1,36144,21.1,9.835,-273.0,27.6,-0.004                          
1,36154,21.1,9.837,-273.0,27.9,-0.004                          
1,36164,21.1,9.838,-273.0,27.5,-0.004                          
1,36174,21.1,9.840,-273.0,28.1,-0.004                          
1,36184,21.1,9.841,-273.0,27.1,-0.004                          
1,36194,21.1,9.843,-273.0,28.0,-0.004                          
1,36204,21.1,9.844,-273.0,27.2,-0.004                          
1,36214,21.1,9.846,-273.0,27.9,-0.004                          
1,36224,21.1,9.847,-273.0,27.2,-0.004                          
1,36234,21.1,9.849,-273.0,27.9,-0.004                          
1,36244,21.1,9.851,-273.0,27.2,-0.004                          
1,36254,21.1,9.853,-273.0,28.1,-0.004                          
1,36264,21.1,9.854,-273.0,27.2,-0.004                          
1,36274,21.1,9.856,-273.0,27.9,-0.004                          
1,36284,21.1,9.857,-273.0,27.2,-0.004                          
1,36294,21.1,9.859,-273.0,27.9,-0.004                          
1,36304,21.1,9.860,-273.0,27.0,-0.004                          
1,36314,21.1,9.862,-273.0,27.8,-0.004                          
1,36324,21.1,9.863,-273.0,27.0,-0.004                          
1,36334,21.1,9.865,-273.0,27.7,-0.004                          
1,36344,21.1,9.866,-273.0,27.1,-0.004                          
1,36354,21.1,9.868,-273.0,27.7,-0.004                          
1,36364,21.1,9.870,-273.0,27.0,-0.004                          
1,36374,21.1,9.871,-273.0,27.7,-0.004                          
1,36384,21.1,9.873,-273.0,27.0,-0.004                          
1,36394,21.1,9.875,-273.0,27.6,-0.004                          
1,36404,21.1,9.876,-273.0,27.0,-0.004                          
1,36414,21.1,9.878,-273.0,27.6,-0.004                          
1,36424,21.1,9.879,-273.0,26.9,-0.004                          
1,36434,21.1,9.880,-273.0,27.6,-0.004                          
1,36444,21.1,9.882,-273.0,26.7,-0.004                          
1,36454,21.1,9.884,-273.0,27.5,-0.004                          
1,36464,21.1,9.885,-273.0,26.8,-0.004                          
1,36474,21.1,9.887,-273.0,27.4,-0.004                          
1,36484,21.1,9.888,-273.0,26.7,-0.004                          
1,36494,21.1,9.890,-273.0,27.4,-0.004                          
1,36504,21.1,9.891,-273.0,26.7,-0.004                          
1,36514,21.1,9.893,-273.0,27.4,-0.004                          
1,36524,21.1,9.895,-273.0,26.6,-0.004                          
1,36534,21.1,9.896,-273.0,27.3,-0.004                          
1,36544,21.1,9.898,-273.0,26.5,-0.004                          
1,36554,21.1,9.900,-273.0,27.2,-0.004                          
1,36564,21.1,9.901,-273.0,26.5,-0.004                          
1,36574,21.1,9.903,-273.0,27.2,-0.004                          
1,36584,21.1,9.904,-273.0,26.5,-0.004                          
1,36594,21.1,9.906,-273.0,27.1,-0.004                          
1,36604,21.1,9.907,-273.0,26.4,-0.004                          
1,36614,21.1,9.909,-273.0,27.1,-0.004                          
1,36624,21.1,9.910,-273.0,26.3,-0.004                          
1,36634,21.1,9.912,-273.0,27.1,-0.004                          
1,36644,21.1,9.914,-273.0,26.3,-0.004                          
1,36654,21.1,9.915,-273.0,27.0,-0.004                          
1,36664,21.1,9.916,-273.0,26.3,-0.004                          
1,36674,21.1,9.918,-273.0,27.0,-0.004                          
1,36684,21.1,9.920,-273.0,26.2,-0.004                          
1,36694,21.1,9.921,-273.0,26.9,-0.004                          
1,36704,21.1,9.923,-273.0,26.3,-0.004                          
1,36714,21.1,9.924,-273.0,26.9,-0.004                          
1,36724,21.1,9.926,-273.0,26.2,-0.004                          
1,36734,21.1,9.928,-273.0,26.9,-0.004                          
1,36744,21.1,9.929,-273.0,26.1,-0.004                          
1,36754,21.1,9.931,-273.0,26.8,-0.004                          
1,36764,21.1,9.932,-273.0,26.1,-0.004                          
1,36774,21.1,9.934,-273.0,26.7,-0.004                          
1,36784,21.1,9.935,-273.0,26.0,-0.004                          
1,36794,21.1,9.937,-273.0,26.7,-0.004                          
1,36804,21.1,9.938,-273.0,26.0,-0.004                          
1,36814,21.1,9.940,-273.0,26.7,-0.004                          
1,36824,21.1,9.941,-273.0,25.9,-0.004                          
1,36834,21.1,9.943,-273.0,26.6,-0.004                          
1,36844,21.1,9.944,-273.0,25.9,-0.004                          
1,36854,21.1,9.946,-273.0,26.6,-0.004                          
1,36864,21.1,9.948,-273.0,25.9,-0.004                          
1,36874,21.1,9.949,-273.0,26.5,-0.004                          
1,36884,21.1,9.951,-273.0,25.9,-0.004                          
1,36894,21.1,9.952,-273.0,26.5,-0.004                          
1,36904,21.1,9.954,-273.0,25.8,-0.004                          
1,36914,21.1,9.956,-273.0,26.5,-0.004                          
1,36924,21.1,9.957,-273.0,25.8,-0.004                          
1,36934,21.1,9.959,-273.0,26.5,-0.004                          
1,36944,21.1,9.960,-273.0,25.7,-0.004                          
1,36954,21.1,9.962,-273.0,26.4,-0.004                          
1,36964,21.1,9.963,-273.0,25.7,-0.004                          
1,36974,21.1,9.965,-273.0,26.4,-0.004                          
1,36984,21.1,9.966,-273.0,25.7,-0.004                          
1,36994,21.1,9.968,-273.0,26.4,-0.004                          
1,37004,21.1,9.969,-273.0,25.7,-0.004                          
1,37014,21.1,9.971,-273.0,26.4,-0.004                          
1,37024,21.1,9.972,-273.0,25.6,-0.004                          
1,37034,21.1,9.974,-273.0,26.3,-0.004                          
1,37044,21.1,9.976,-273.0,25.6,-0.004                          
1,37054,21.1,9.977,-273.0,26.3,-0.004                          
1,37064,21.1,9.979,-273.0,25.6,-0.004                          
1,37074,21.1,9.980,-273.0,26.2,-0.004                          
1,37084,21.1,9.981,-273.0,25.5,-0.004                          
1,37094,21.1,9.983,-273.0,26.3,-0.004                          
1,37104,21.1,9.985,-273.0,25.5,-0.004                          
1,37114,21.1,9.986,-273.0,26.2,-0.004                          
1,37124,21.1,9.987,-273.0,25.5,-0.004                          
1,37134,21.1,9.989,-273.0,26.2,-0.004                          
1,37144,21.1,9.991,-273.0,25.5,-0.004                          
1,37154,21.1,9.992,-273.0,26.2,-0.004                          
1,37164,21.1,9.994,-273.0,25.4,-0.004                          
1,37174,21.1,9.995,-273.0,26.1,-0.004                          
1,37184,21.1,9.997,-273.0,25.4,-0.004                          
1,37194,21.1,9.998,-273.0,26.1,-0.004                          
1,37204,21.1,10.000,-273.0,25.4,-0.004                         
1,37214,21.1,10.001,-273.0,26.0,-0.004                         
1,37224,21.1,10.003,-273.0,25.4,-0.004                         
1,37234,21.1,10.004,-273.0,26.0,-0.004                         
1,37244,21.1,10.005,-273.0,25.3,-0.004                         
1,37254,21.1,10.007,-273.0,26.0,-0.004                         
1,37264,21.1,10.009,-273.0,25.3,-0.004                         
1,37274,21.1,10.010,-273.0,26.0,-0.004                         
1,37284,21.1,10.012,-273.0,25.3,-0.004                         
1,37294,21.1,10.013,-273.0,26.0,-0.004                         
1,37304,21.1,10.014,-273.0,25.2,-0.004                         
1,37314,21.1,10.016,-273.0,26.0,-0.004                         
1,37324,21.1,10.017,-273.0,25.2,-0.004                         
1,37334,21.1,10.019,-273.0,25.9,-0.004                         
1,37344,21.1,10.021,-273.0,25.2,-0.004                         
1,37354,21.1,10.022,-273.0,25.9,-0.004                         
1,37364,21.1,10.024,-273.0,25.2,-0.004                         
1,37374,21.1,10.025,-273.0,25.9,-0.004                         
1,37384,21.1,10.027,-273.0,25.2,-0.004                         
1,37394,21.1,10.028,-273.0,25.9,-0.004                         
1,37404,21.1,10.030,-273.0,25.2,-0.004                         
1,37414,21.1,10.031,-273.0,25.8,-0.004                         
1,37424,21.1,10.033,-273.0,25.1,-0.004                         
1,37434,21.1,10.034,-273.0,25.8,-0.004                         
1,37444,21.1,10.036,-273.0,25.2,-0.004                         
1,37454,21.1,10.037,-273.0,25.8,-0.004                         
1,37464,21.1,10.039,-273.0,25.1,-0.004                         
1,37474,21.1,10.041,-273.0,25.8,-0.004                         
1,37484,21.1,10.042,-273.0,25.1,-0.004                         
1,37494,21.1,10.043,-273.0,25.8,-0.004                         
1,37504,21.1,10.045,-273.0,25.1,-0.004                         
1,37514,21.1,10.047,-273.0,25.7,-0.004                         
1,37524,21.1,10.048,-273.0,25.0,-0.004                         
1,37534,21.1,10.050,-273.0,25.8,-0.004                         
1,37544,21.1,10.051,-273.0,25.0,-0.004                         
1,37554,21.1,10.053,-273.0,25.7,-0.004                         
1,37564,21.1,10.055,-273.0,25.0,-0.004                         
1,37574,21.1,10.056,-273.0,25.7,-0.004                         
1,37584,21.1,10.058,-273.0,25.0,-0.004                         
1,37594,21.1,10.059,-273.0,25.7,-0.004                         
1,37604,21.1,10.061,-273.0,25.0,-0.004                         
1,37614,21.1,10.063,-273.0,25.6,-0.004                         
1,37624,21.1,10.064,-273.0,24.9,-0.004                         
1,37634,21.1,10.066,-273.0,25.6,-0.004                         
1,37644,21.1,10.067,-273.0,24.9,-0.004                         
1,37654,21.1,10.069,-273.0,25.6,-0.004                         
1,37664,21.1,10.070,-273.0,24.9,-0.004                         
1,37674,21.1,10.072,-273.0,25.6,-0.004                         
1,37684,21.1,10.073,-273.0,24.9,-0.004                         
1,37694,21.1,10.075,-273.0,25.6,-0.004                         
1,37704,21.1,10.076,-273.0,24.9,-0.004                         
1,37714,21.1,10.078,-273.0,25.6,-0.004                         
1,37724,21.1,10.079,-273.0,24.9,-0.004                         
1,37734,21.1,10.081,-273.0,25.5,-0.004                         
1,37744,21.1,10.082,-273.0,24.9,-0.004                         
1,37754,21.1,10.084,-273.0,25.5,-0.004                         
1,37764,21.1,10.085,-273.0,24.8,-0.004                         
1,37774,21.1,10.087,-273.0,25.5,-0.004                         
1,37784,21.1,10.088,-273.0,24.8,-0.004                         
1,37794,21.1,10.090,-273.0,25.5,-0.004                         
1,37804,21.1,10.091,-273.0,24.8,-0.004                         
1,37814,21.1,10.093,-273.0,25.5,-0.004                         
1,37824,21.1,10.094,-273.0,24.8,-0.004                         
1,37834,21.1,10.096,-273.0,25.5,-0.004                         
1,37844,21.1,10.098,-273.0,24.8,-0.004                         
1,37854,21.1,10.099,-273.0,25.4,-0.004                         
1,37864,21.1,10.100,-273.0,24.8,-0.004                         
1,37874,21.1,10.102,-273.0,25.4,-0.004                         
1,37884,21.1,10.104,-273.0,24.7,-0.004                         
1,37894,21.1,10.105,-273.0,25.4,-0.004                         
1,37904,21.1,10.106,-273.0,24.7,-0.004                         
1,37914,21.1,10.108,-273.0,25.4,-0.004                         
1,37924,21.1,10.110,-273.0,24.7,-0.004                         
1,37934,21.1,10.111,-273.0,25.4,-0.004                         
1,37944,21.1,10.112,-273.0,24.7,-0.004                         
1,37954,21.1,10.114,-273.0,25.4,-0.004                         
1,37964,21.1,10.115,-273.0,24.6,-0.004                         
1,37974,21.1,10.117,-273.0,25.4,-0.004                         
1,37984,21.1,10.119,-273.0,24.6,-0.004                         
1,37994,21.1,10.120,-273.0,25.3,-0.004                         
1,38004,21.1,10.122,-273.0,24.6,-0.004                         
1,38014,21.1,10.123,-273.0,25.4,-0.004                         
1,38024,21.1,10.124,-273.0,24.6,-0.004                         
1,38034,21.1,10.126,-273.0,25.3,-0.004                         
1,38044,21.1,10.128,-273.0,24.6,-0.004                         
1,38054,21.1,10.129,-273.0,25.3,-0.004                         
1,38064,21.1,10.130,-273.0,24.6,-0.004                         
1,38074,21.1,10.132,-273.0,25.3,-0.004                         
1,38084,21.1,10.134,-273.0,24.5,-0.004                         
1,38094,21.1,10.135,-273.0,25.3,-0.004                         
1,38104,21.1,10.137,-273.0,24.5,-0.004                         
1,38114,21.1,10.138,-273.0,25.2,-0.004                         
1,38124,21.1,10.140,-273.0,24.5,-0.004                         
1,38134,21.1,10.142,-273.0,25.2,-0.004                         
1,38144,21.1,10.143,-273.0,24.6,-0.004                         
1,38154,21.1,10.144,-273.0,25.2,-0.004                         
1,38164,21.1,10.146,-273.0,24.5,-0.004                         
1,38174,21.1,10.147,-273.0,25.2,-0.004                         
1,38184,21.1,10.149,-273.0,24.6,-0.004                         
1,38194,21.1,10.151,-273.0,25.2,-0.004                         
1,38204,21.1,10.151,-273.0,24.4,-0.004                         
1,38214,21.1,10.154,-273.0,25.2,-0.004                         
1,38224,21.1,10.155,-273.0,24.5,-0.004                         
1,38234,21.1,10.156,-273.0,25.2,-0.004                         
1,38244,21.1,10.157,-273.0,24.4,-0.004                         
1,38254,21.1,10.159,-273.0,25.1,-0.004                         
1,38264,21.1,10.160,-273.0,24.4,-0.004                         
1,38274,21.1,10.162,-273.0,25.1,-0.004                         
1,38284,21.1,10.164,-273.0,24.4,-0.004                         
1,38294,21.1,10.165,-273.0,25.1,-0.004                         
1,38304,21.1,10.166,-273.0,24.4,-0.004                         
1,38314,21.1,10.168,-273.0,25.1,-0.004                         
1,38324,21.1,10.169,-273.0,24.4,-0.004                         
1,38334,21.1,10.171,-273.0,25.1,-0.004                         
1,38344,21.1,10.172,-273.0,24.4,-0.004                         
1,38354,21.1,10.174,-273.0,25.1,-0.004                         
1,38364,21.1,10.175,-273.0,24.4,-0.004                         
1,38374,21.1,10.177,-273.0,25.1,-0.004                         
1,38384,21.1,10.178,-273.0,24.3,-0.004                         
1,38394,21.1,10.180,-273.0,25.0,-0.004                         
1,38404,21.1,10.181,-273.0,24.4,-0.004                         
1,38414,21.1,10.183,-273.0,25.1,-0.004                         
1,38424,21.1,10.184,-273.0,24.3,-0.004                         
1,38434,21.1,10.186,-273.0,25.0,-0.004                         
1,38444,21.1,10.187,-273.0,24.3,-0.004                         
1,38454,21.1,10.189,-273.0,25.0,-0.004                         
1,38464,21.1,10.190,-273.0,24.3,-0.004                         
1,38474,21.1,10.192,-273.0,25.0,-0.004                         
1,38484,21.1,10.193,-273.0,24.3,-0.004                         
1,38494,21.1,10.195,-273.0,25.0,-0.004                         
1,38504,21.1,10.196,-273.0,24.3,-0.004                         
1,38514,21.1,10.197,-273.0,25.0,-0.004                         
1,38524,21.1,10.199,-273.0,24.3,-0.004                         
1,38534,21.1,10.200,-273.0,24.9,-0.004                         
1,38544,21.1,10.202,-273.0,24.3,-0.004                         
1,38554,21.1,10.203,-273.0,25.0,-0.004                         
1,38564,21.1,10.205,-273.0,24.2,-0.004                         
1,38574,21.1,10.207,-273.0,25.0,-0.004                         
1,38584,21.1,10.207,-273.0,24.3,-0.004                         
1,38594,21.1,10.209,-273.0,25.0,-0.004                         
1,38604,21.1,10.211,-273.0,24.2,-0.004                         
1,38614,21.1,10.212,-273.0,25.0,-0.004                         
1,38624,21.1,10.213,-273.0,24.2,-0.004                         
1,38634,21.1,10.215,-273.0,24.9,-0.004                         
1,38644,21.1,10.216,-273.0,24.2,-0.004                         
1,38654,21.1,10.218,-273.0,24.9,-0.004                         
1,38664,21.1,10.219,-273.0,24.2,-0.004                         
1,38674,21.1,10.221,-273.0,24.9,-0.004                         
1,38684,21.1,10.222,-273.0,24.1,-0.004                         
1,38694,21.1,10.224,-273.0,24.9,-0.004                         
1,38704,21.1,10.225,-273.0,24.2,-0.004                         
1,38714,21.1,10.227,-273.0,24.9,-0.004                         
1,38724,21.1,10.228,-273.0,24.2,-0.004                         
1,38734,21.1,10.230,-273.0,24.9,-0.004                         
1,38744,21.1,10.231,-273.0,24.2,-0.004                         
1,38754,21.1,10.233,-273.0,24.9,-0.004                         
1,38764,21.1,10.234,-273.0,24.1,-0.004                         
1,38774,21.1,10.236,-273.0,24.8,-0.004                         
1,38784,21.1,10.237,-273.0,24.1,-0.004                         
1,38794,21.1,10.239,-273.0,24.9,-0.004                         
1,38804,21.1,10.240,-273.0,24.1,-0.004                         
1,38814,21.1,10.242,-273.0,24.8,-0.004                         
1,38824,21.1,10.243,-273.0,24.1,-0.004                         
1,38834,21.1,10.245,-273.0,24.9,-0.004                         
1,38844,21.1,10.246,-273.0,24.1,-0.004                         
1,38854,21.1,10.248,-273.0,24.8,-0.004                         
1,38864,21.1,10.249,-273.0,24.1,-0.004                         
1,38874,21.1,10.251,-273.0,24.8,-0.004                         
1,38884,21.1,10.252,-273.0,24.1,-0.004                         
1,38894,21.1,10.254,-273.0,24.8,-0.004                         
1,38904,21.1,10.255,-273.0,24.1,-0.004                         
1,38914,21.1,10.257,-273.0,24.8,-0.004                         
1,38924,21.1,10.258,-273.0,24.0,-0.004                         
1,38934,21.1,10.259,-273.0,24.8,-0.004                         
1,38944,21.1,10.261,-273.0,24.1,-0.004                         
1,38954,21.1,10.262,-273.0,24.7,-0.004                         
1,38964,21.1,10.264,-273.0,24.0,-0.004                         
1,38974,21.1,10.265,-273.0,24.7,-0.004                         
1,38984,21.1,10.267,-273.0,24.0,-0.004                         
1,38994,21.1,10.268,-273.0,24.7,-0.004                         
1,39004,21.1,10.270,-273.0,24.0,-0.004                         
1,39014,21.1,10.271,-273.0,24.7,-0.004                         
1,39024,21.1,10.273,-273.0,24.0,-0.004                         
1,39034,21.1,10.274,-273.0,24.7,-0.004                         
1,39044,21.1,10.276,-273.0,24.0,-0.004                         
1,39054,21.1,10.277,-273.0,24.7,-0.004                         
1,39064,21.1,10.278,-273.0,24.0,-0.004                         
1,39074,21.1,10.280,-273.0,24.7,-0.004                         
1,39084,21.1,10.282,-273.0,24.0,-0.004                         
1,39094,21.1,10.283,-273.0,24.6,-0.004                         
1,39104,21.1,10.285,-273.0,24.0,-0.004                         
1,39114,21.1,10.286,-273.0,24.7,-0.004                         
1,39124,21.1,10.288,-273.0,23.9,-0.004                         
1,39134,21.1,10.289,-273.0,24.6,-0.004                         
1,39144,21.1,10.290,-273.0,23.9,-0.004                         
1,39154,21.1,10.292,-273.0,24.7,-0.004                         
1,39164,21.1,10.293,-273.0,23.9,-0.004                         
1,39174,21.1,10.295,-273.0,24.6,-0.004                         
1,39184,21.1,10.296,-273.0,23.9,-0.004                         
1,39194,21.1,10.298,-273.0,24.6,-0.004                         
1,39204,21.1,10.299,-273.0,23.9,-0.004                         
1,39214,21.1,10.300,-273.0,24.6,-0.004                         
1,39224,21.1,10.302,-273.0,23.9,-0.004                         
1,39234,21.1,10.303,-273.0,24.7,-0.004                         
1,39244,21.1,10.305,-273.0,23.9,-0.004                         
1,39254,21.1,10.306,-273.0,24.6,-0.004                         
1,39264,21.1,10.308,-273.0,23.9,-0.004                         
1,39274,21.1,10.309,-273.0,24.5,-0.004                         
1,39284,21.1,10.310,-273.0,23.9,-0.004                         
1,39294,21.1,10.313,-273.0,24.6,-0.004                         
1,39304,21.1,10.313,-273.0,23.9,-0.004                         
1,39314,21.1,10.315,-273.0,24.6,-0.004                         
1,39324,21.1,10.317,-273.0,23.8,-0.004                         
1,39334,21.1,10.318,-273.0,24.6,-0.004                         
1,39344,21.1,10.320,-273.0,23.8,-0.004                         
1,39354,21.1,10.321,-273.0,24.5,-0.004                         
1,39364,21.1,10.323,-273.0,23.9,-0.004                         
1,39374,21.1,10.324,-273.0,24.5,-0.004                         
1,39384,21.1,10.325,-273.0,23.9,-0.004                         
1,39394,21.1,10.327,-273.0,24.5,-0.004                         
1,39404,21.1,10.329,-273.0,23.8,-0.004                         
1,39414,21.1,10.330,-273.0,24.5,-0.004                         
1,39424,21.1,10.332,-273.0,23.8,-0.004                         
1,39434,21.1,10.333,-273.0,24.5,-0.004                         
1,39444,21.1,10.334,-273.0,23.8,-0.004                         
1,39454,21.1,10.336,-273.0,24.5,-0.004                         
1,39464,21.1,10.337,-273.0,23.8,-0.004                         
1,39474,21.1,10.339,-273.0,24.5,-0.004                         
1,39484,21.1,10.340,-273.0,23.9,-0.004                         
1,39494,21.1,10.341,-273.0,24.5,-0.004                         
1,39504,21.1,10.343,-273.0,23.8,-0.004                         
1,39514,21.1,10.345,-273.0,24.5,-0.004                         
1,39524,21.1,10.345,-273.0,23.8,-0.004                         
1,39534,21.1,10.347,-273.0,24.4,-0.004                         
1,39544,21.1,10.349,-273.0,23.8,-0.004                         
1,39554,21.1,10.350,-273.0,24.5,-0.004                         
1,39564,21.1,10.351,-273.0,23.8,-0.004                         
1,39574,21.1,10.353,-273.0,24.4,-0.004                         
1,39584,21.1,10.354,-273.0,23.8,-0.004                         
1,39594,21.1,10.356,-273.0,24.4,-0.004                         
1,39604,21.1,10.357,-273.0,23.8,-0.004                         
1,39614,21.1,10.359,-273.0,24.4,-0.004                         
1,39624,21.1,10.360,-273.0,23.8,-0.004                         
1,39634,21.1,10.362,-273.0,24.4,-0.004                         
1,39644,21.1,10.363,-273.0,23.7,-0.004                         
1,39654,21.1,10.365,-273.0,24.4,-0.004                         
1,39664,21.1,10.366,-273.0,23.7,-0.004                         
1,39674,21.1,10.368,-273.0,24.4,-0.004                         
1,39684,21.1,10.369,-273.0,23.7,-0.004                         
1,39694,21.1,10.371,-273.0,24.4,-0.004                         
1,39704,21.1,10.372,-273.0,23.7,-0.004                         
1,39714,21.1,10.374,-273.0,24.4,-0.004                         
1,39724,21.1,10.375,-273.0,23.7,-0.004                         
1,39734,21.1,10.376,-273.0,24.4,-0.004                         
1,39744,21.1,10.377,-273.0,23.7,-0.004                         
1,39754,21.1,10.379,-273.0,24.4,-0.004                         
1,39764,21.1,10.380,-273.0,23.7,-0.004                         
1,39774,21.1,10.382,-273.0,24.3,-0.004                         
1,39784,21.1,10.384,-273.0,23.7,-0.004                         
1,39794,21.1,10.385,-273.0,24.3,-0.004                         
1,39804,21.1,10.386,-273.0,23.7,-0.004                         
1,39814,21.1,10.388,-273.0,24.3,-0.004                         
1,39824,21.1,10.389,-273.0,23.7,-0.004                         
1,39834,21.1,10.391,-273.0,24.3,-0.004                         
1,39844,21.1,10.392,-273.0,23.7,-0.004                         
1,39854,21.1,10.394,-273.0,24.3,-0.004                         
1,39864,21.1,10.395,-273.0,23.6,-0.004                         
1,39874,21.1,10.396,-273.0,24.3,-0.004                         
1,39884,21.1,10.398,-273.0,23.6,-0.004                         
1,39894,21.1,10.400,-273.0,24.3,-0.004                         
1,39904,21.1,10.401,-273.0,23.6,-0.004                         
1,39914,21.1,10.402,-273.0,24.3,-0.004                         
1,39924,21.1,10.404,-273.0,23.6,-0.004                         
1,39934,21.1,10.405,-273.0,24.3,-0.004                         
1,39944,21.1,10.407,-273.0,23.6,-0.004                         
1,39954,21.1,10.408,-273.0,24.3,-0.004                         
1,39964,21.1,10.409,-273.0,23.6,-0.004                         
1,39974,21.1,10.411,-273.0,24.3,-0.004                         
1,39984,21.1,10.413,-273.0,23.6,-0.004                         
1,39994,21.1,10.414,-273.0,24.3,-0.004                         
1,40004,21.1,10.415,-273.0,23.6,-0.004                         
1,40014,21.1,10.417,-273.0,24.2,-0.004                         
1,40024,21.1,10.418,-273.0,23.6,-0.004                         
1,40034,21.1,10.419,-273.0,24.3,-0.004                         
1,40044,21.1,10.421,-273.0,23.6,-0.004                         
1,40054,21.1,10.422,-273.0,24.2,-0.004                         
1,40064,21.1,10.423,-273.0,23.6,-0.004                         
1,40074,21.1,10.425,-273.0,24.3,-0.004                         
1,40084,21.1,10.426,-273.0,23.6,-0.004                         
1,40094,21.1,10.428,-273.0,24.2,-0.004                         
1,40104,21.1,10.429,-273.0,23.5,-0.004                         
1,40114,21.1,10.431,-273.0,24.2,-0.004                         
1,40124,21.1,10.432,-273.0,23.5,-0.004                         
1,40134,21.1,10.433,-273.0,24.2,-0.004                         
1,40144,21.1,10.435,-273.0,23.5,-0.004                         
1,40154,21.1,10.436,-273.0,24.2,-0.004                         
1,40164,21.1,10.438,-273.0,23.5,-0.004                         
1,40174,21.1,10.440,-273.0,24.2,-0.004                         
1,40184,21.1,10.441,-273.0,23.5,-0.004                         
1,40194,21.1,10.442,-273.0,24.2,-0.004                         
1,40204,21.1,10.443,-273.0,23.5,-0.004                         
1,40214,21.1,10.445,-273.0,24.2,-0.004                         
1,40224,21.1,10.446,-273.0,23.5,-0.004                         
1,40234,21.1,10.447,-273.0,24.2,-0.004                         
1,40244,21.1,10.449,-273.0,23.5,-0.004                         
1,40254,21.1,10.450,-273.0,24.2,-0.004                         
1,40264,21.1,10.452,-273.0,23.5,-0.004                         
1,40274,21.1,10.453,-273.0,24.2,-0.004                         
1,40284,21.1,10.454,-273.0,23.4,-0.004                         
1,40294,21.1,10.456,-273.0,24.2,-0.004                         
1,40304,21.1,10.457,-273.0,23.4,-0.004                         
1,40314,21.1,10.458,-273.0,24.1,-0.004                         
1,40324,21.1,10.460,-273.0,23.4,-0.004                         
1,40334,21.1,10.462,-273.0,24.1,-0.004                         
1,40344,21.1,10.463,-273.0,23.4,-0.004                         
1,40354,21.1,10.464,-273.0,24.1,-0.004                         
1,40364,21.1,10.466,-273.0,23.4,-0.004                         
1,40374,21.1,10.468,-273.0,24.1,-0.004                         
1,40384,21.1,10.469,-273.0,23.5,-0.004                         
1,40394,21.1,10.470,-273.0,24.1,-0.004                         
1,40404,21.1,10.471,-273.0,23.4,-0.004                         
1,40414,21.1,10.473,-273.0,24.1,-0.004                         
1,40424,21.1,10.474,-273.0,23.4,-0.004                         
1,40434,21.1,10.475,-273.0,24.1,-0.004                         
1,40444,21.1,10.477,-273.0,23.4,-0.004                         
1,40454,21.1,10.478,-273.0,24.1,-0.004                         
1,40464,21.1,10.479,-273.0,23.4,-0.004                         
1,40474,21.1,10.481,-273.0,24.1,-0.004                         
1,40484,21.1,10.482,-273.0,23.4,-0.004                         
1,40494,21.1,10.484,-273.0,24.1,-0.004                         
1,40504,21.1,10.485,-273.0,23.4,-0.004                         
1,40514,21.1,10.487,-273.0,24.1,-0.004                         
1,40524,21.1,10.488,-273.0,23.4,-0.004                         
1,40534,21.1,10.490,-273.0,24.0,-0.004                         
1,40544,21.1,10.491,-273.0,23.3,-0.004                         
1,40554,21.1,10.492,-273.0,24.1,-0.004                         
1,40564,21.1,10.493,-273.0,23.3,-0.004                         
1,40574,21.1,10.495,-273.0,24.1,-0.004                         
1,40584,21.1,10.496,-273.0,23.3,-0.004                         
1,40594,21.1,10.498,-273.0,24.0,-0.004                         
1,40604,21.1,10.499,-273.0,23.4,-0.004                         
1,40614,21.1,10.501,-273.0,24.1,-0.004                         
1,40624,21.1,10.502,-273.0,23.4,-0.004                         
1,40634,21.1,10.504,-273.0,24.1,-0.004                         
1,40644,21.1,10.504,-273.0,23.3,-0.004                         
1,40654,21.1,10.506,-273.0,24.0,-0.004                         
1,40664,21.1,10.507,-273.0,23.3,-0.004                         
1,40674,21.1,10.509,-273.0,24.0,-0.004                         
1,40684,21.1,10.510,-273.0,23.3,-0.004                         
1,40694,21.1,10.512,-273.0,24.0,-0.004                         
1,40704,21.1,10.513,-273.0,23.3,-0.004                         
1,40714,21.1,10.514,-273.0,24.0,-0.004                         
1,40724,21.1,10.516,-273.0,23.3,-0.004                         
1,40734,21.1,10.517,-273.0,24.0,-0.004                         
1,40744,21.1,10.518,-273.0,23.4,-0.004                         
1,40754,21.1,10.520,-273.0,24.0,-0.004                         
1,40764,21.1,10.521,-273.0,23.3,-0.004                         
1,40774,21.1,10.523,-273.0,24.0,-0.004                         
1,40784,21.1,10.524,-273.0,23.3,-0.004                         
1,40794,21.1,10.526,-273.0,24.0,-0.004                         
1,40804,21.1,10.527,-273.0,23.2,-0.004                         
1,40814,21.1,10.529,-273.0,24.0,-0.004                         
1,40824,21.1,10.530,-273.0,23.3,-0.004                         
1,40834,21.1,10.532,-273.0,23.9,-0.004                         
1,40844,21.1,10.532,-273.0,23.2,-0.004                         
1,40854,21.1,10.534,-273.0,24.0,-0.004                         
1,40864,21.1,10.535,-273.0,23.3,-0.004                         
1,40874,21.1,10.537,-273.0,23.9,-0.004                         
1,40884,21.1,10.538,-273.0,23.2,-0.004                         
1,40894,21.1,10.540,-273.0,24.0,-0.004                         
1,40904,21.1,10.541,-273.0,23.2,-0.004                         
1,40914,21.1,10.542,-273.0,23.9,-0.004                         
1,40924,21.1,10.543,-273.0,23.2,-0.004                         
1,40934,21.1,10.545,-273.0,23.9,-0.004                         
1,40944,21.1,10.546,-273.0,23.2,-0.004                         
1,40954,21.1,10.548,-273.0,23.9,-0.004                         
1,40964,21.1,10.549,-273.0,23.2,-0.004                         
1,40974,21.1,10.551,-273.0,23.9,-0.004                         
1,40984,21.1,10.551,-273.0,23.2,-0.004                         
1,40994,21.1,10.553,-273.0,23.9,-0.004                         
1,41004,21.1,10.555,-273.0,23.2,-0.004                         
1,41014,21.1,10.556,-273.0,23.9,-0.004                         
1,41024,21.1,10.557,-273.0,23.2,-0.004                         
1,41034,21.1,10.559,-273.0,23.9,-0.004                         
1,41044,21.1,10.560,-273.0,23.2,-0.004                         
1,41054,21.1,10.562,-273.0,23.9,-0.004                         
1,41064,21.1,10.563,-273.0,23.2,-0.004                         
1,41074,21.1,10.565,-273.0,23.9,-0.004                         
1,41084,21.1,10.566,-273.0,23.2,-0.004                         
1,41094,21.1,10.567,-273.0,23.9,-0.004                         
1,41104,21.1,10.569,-273.0,23.2,-0.004                         
1,41114,21.1,10.570,-273.0,23.9,-0.004                         
1,41124,21.1,10.571,-273.0,23.2,-0.004                         
1,41134,21.1,10.573,-273.0,23.9,-0.004                         
1,41144,21.1,10.574,-273.0,23.2,-0.004                         
1,41154,21.1,10.576,-273.0,23.9,-0.004                         
1,41164,21.1,10.577,-273.0,23.1,-0.004                         
1,41174,21.1,10.578,-273.0,23.9,-0.004                         
1,41184,21.1,10.580,-273.0,23.1,-0.004                         
1,41194,21.1,10.581,-273.0,23.9,-0.004                         
1,41204,21.1,10.583,-273.0,23.1,-0.004                         
1,41214,21.1,10.584,-273.0,23.8,-0.004                         
1,41224,21.1,10.585,-273.0,23.1,-0.004                         
1,41234,21.1,10.587,-273.0,23.8,-0.004                         
1,41244,21.1,10.587,-273.0,23.2,-0.004                         
1,41254,21.1,10.589,-273.0,23.9,-0.004                         
1,41264,21.1,10.590,-273.0,23.1,-0.004                         
1,41274,21.1,10.591,-273.0,23.8,-0.004                         
1,41284,21.1,10.593,-273.0,23.1,-0.004                         
1,41294,21.1,10.594,-273.0,23.8,-0.004                         
1,41304,21.1,10.596,-273.0,23.1,-0.004                         
1,41314,21.1,10.597,-273.0,23.8,-0.004                         
1,41324,21.1,10.598,-273.0,23.2,-0.004                         
1,41334,21.1,10.600,-273.0,23.8,-0.004                         
1,41344,21.1,10.601,-273.0,23.1,-0.004                         
1,41354,21.1,10.602,-273.0,23.8,-0.004                         
1,41364,21.1,10.604,-273.0,23.1,-0.004                         
1,41374,21.1,10.605,-273.0,23.8,-0.004                         
1,41384,21.1,10.607,-273.0,23.1,-0.004                         
1,41394,21.1,10.608,-273.0,23.8,-0.004                         
1,41404,21.1,10.609,-273.0,23.1,-0.004                         
1,41414,21.1,10.611,-273.0,23.8,-0.004                         
1,41424,21.1,10.612,-273.0,23.1,-0.004                         
1,41434,21.1,10.613,-273.0,23.8,-0.004                         
1,41444,21.1,10.615,-273.0,23.1,-0.004                         
1,41454,21.1,10.616,-273.0,23.8,-0.004                         
1,41464,21.1,10.617,-273.0,23.1,-0.004                         
1,41474,21.1,10.619,-273.0,23.8,-0.004                         
1,41484,21.1,10.620,-273.0,23.1,-0.004                         
1,41494,21.1,10.622,-273.0,23.8,-0.004                         
1,41504,21.1,10.623,-273.0,23.0,-0.004                         
1,41514,21.1,10.624,-273.0,23.8,-0.004                         
1,41524,21.1,10.626,-273.0,23.1,-0.004                         
1,41534,21.1,10.627,-273.0,23.8,-0.004                         
1,41544,21.1,10.628,-273.0,23.0,-0.004                         
1,41554,21.1,10.630,-273.0,23.7,-0.004                         
1,41564,21.1,10.631,-273.0,23.0,-0.004                         
1,41574,21.1,10.633,-273.0,23.7,-0.004                         
1,41584,21.1,10.633,-273.0,23.0,-0.004                         
1,41594,21.1,10.636,-273.0,23.7,-0.004                         
1,41604,21.1,10.637,-273.0,23.0,-0.004                         
1,41614,21.1,10.638,-273.0,23.7,-0.004                         
1,41624,21.1,10.639,-273.0,23.0,-0.004                         
1,41634,21.1,10.641,-273.0,23.7,-0.004                         
1,41644,21.1,10.642,-273.0,23.0,-0.004                         
1,41654,21.1,10.643,-273.0,23.7,-0.004                         
1,41664,21.1,10.644,-273.0,23.0,-0.004                         
1,41674,21.1,10.646,-273.0,23.7,-0.004                         
1,41684,21.1,10.648,-273.0,23.0,-0.004                         
1,41694,21.1,10.649,-273.0,23.7,-0.004                         
1,41704,21.1,10.650,-273.0,23.0,-0.004                         
1,41714,21.1,10.652,-273.0,23.7,-0.004                         
1,41724,21.1,10.653,-273.0,23.0,-0.004                         
1,41734,21.1,10.654,-273.0,23.7,-0.004                         
1,41744,21.1,10.656,-273.0,23.0,-0.004                         
1,41754,21.1,10.657,-273.0,23.7,-0.004                         
1,41764,21.1,10.658,-273.0,23.0,-0.004                         
1,41774,21.1,10.660,-273.0,23.7,-0.004                         
1,41784,21.1,10.661,-273.0,23.0,-0.004                         
1,41794,21.1,10.662,-273.0,23.7,-0.004                         
1,41804,21.1,10.664,-273.0,22.9,-0.004                         
1,41814,21.1,10.665,-273.0,23.7,-0.004                         
1,41824,21.1,10.666,-273.0,22.9,-0.004                         
1,41834,21.1,10.668,-273.0,23.7,-0.004                         
1,41844,21.1,10.669,-273.0,23.0,-0.004                         
1,41854,21.1,10.671,-273.0,23.7,-0.004                         
1,41864,21.1,10.672,-273.0,23.0,-0.004                         
1,41874,21.1,10.674,-273.0,23.7,-0.004                         
1,41884,21.1,10.675,-273.0,22.9,-0.004                         
1,41894,21.1,10.677,-273.0,23.7,-0.004                         
1,41904,21.1,10.677,-273.0,22.9,-0.004                         
1,41914,21.1,10.679,-273.0,23.7,-0.004                         
1,41924,21.1,10.680,-273.0,22.9,-0.004                         
1,41934,21.1,10.681,-273.0,23.7,-0.004                         
1,41944,21.1,10.683,-273.0,22.9,-0.004                         
1,41954,21.1,10.684,-273.0,23.6,-0.004                         
1,41964,21.1,10.685,-273.0,22.9,-0.004                         
1,41974,21.1,10.687,-273.0,23.6,-0.004                         
1,41984,21.1,10.688,-273.0,22.9,-0.004                         
1,41994,21.1,10.689,-273.0,23.6,-0.004                         
1,42004,21.1,10.690,-273.0,22.9,-0.004                         
1,42014,21.1,10.692,-273.0,23.6,-0.004                         
1,42024,21.1,10.693,-273.0,22.9,-0.004                         
1,42034,21.1,10.695,-273.0,23.6,-0.004                         
1,42044,21.1,10.696,-273.0,22.9,-0.004                         
1,42054,21.1,10.698,-273.0,23.6,-0.004                         
1,42064,21.1,10.699,-273.0,22.9,-0.004                         
1,42074,21.1,10.700,-273.0,23.6,-0.004                         
1,42084,21.1,10.701,-273.0,22.9,-0.004                         
1,42094,21.1,10.703,-273.0,23.6,-0.004                         
1,42104,21.1,10.704,-273.0,22.9,-0.004                         
1,42114,21.1,10.705,-273.0,23.6,-0.004                         
1,42124,21.1,10.707,-273.0,22.9,-0.004                         
1,42134,21.1,10.708,-273.0,23.6,-0.004                         
1,42144,21.1,10.709,-273.0,22.9,-0.004                         
1,42154,21.1,10.711,-273.0,23.6,-0.004                         
1,42164,21.1,10.712,-273.0,22.9,-0.004                         
1,42174,21.1,10.713,-273.0,23.6,-0.004                         
1,42184,21.1,10.715,-273.0,22.9,-0.004                         
1,42194,21.1,10.716,-273.0,23.6,-0.004                         
1,42204,21.1,10.717,-273.0,22.9,-0.004                         
1,42214,21.1,10.718,-273.0,23.6,-0.004                         
1,42224,21.1,10.720,-273.0,22.8,-0.004                         
1,42234,21.1,10.721,-273.0,23.6,-0.004                         
1,42244,21.1,10.723,-273.0,22.9,-0.004                         
1,42254,21.1,10.724,-273.0,23.6,-0.004                         
1,42264,21.1,10.725,-273.0,22.8,-0.004                         
1,42274,21.1,10.727,-273.0,23.5,-0.004                         
1,42284,21.1,10.728,-273.0,22.8,-0.004                         
1,42294,21.1,10.729,-273.0,23.6,-0.004                         
1,42304,21.1,10.731,-273.0,22.8,-0.004                         
1,42314,21.1,10.732,-273.0,23.5,-0.004                         
1,42324,21.1,10.734,-273.0,22.8,-0.004                         
1,42334,21.1,10.735,-273.0,23.5,-0.004                         
1,42344,21.1,10.737,-273.0,22.8,-0.004                         
1,42354,21.1,10.738,-273.0,23.5,-0.004                         
1,42364,21.1,10.739,-273.0,22.8,-0.004                         
1,42374,21.1,10.740,-273.0,23.5,-0.004                         
1,42384,21.1,10.742,-273.0,22.8,-0.004                         
1,42394,21.1,10.743,-273.0,23.5,-0.004                         
1,42404,21.1,10.744,-273.0,22.8,-0.004                         
1,42414,21.1,10.746,-273.0,23.5,-0.004                         
1,42424,21.1,10.747,-273.0,22.8,-0.004                         
1,42434,21.1,10.748,-273.0,23.5,-0.004                         
1,42444,21.1,10.749,-273.0,22.8,-0.004                         
1,42454,21.1,10.751,-273.0,23.5,-0.004                         
1,42464,21.1,10.752,-273.0,22.8,-0.004                         
1,42474,21.1,10.754,-273.0,23.5,-0.004                         
1,42484,21.1,10.755,-273.0,22.8,-0.004                         
1,42494,21.1,10.756,-273.0,23.5,-0.004                         
1,42504,21.1,10.757,-273.0,22.8,-0.004                         
1,42514,21.1,10.759,-273.0,23.5,-0.004                         
1,42524,21.1,10.760,-273.0,22.8,-0.004                         
1,42534,21.1,10.762,-273.0,23.5,-0.004                         
1,42544,21.1,10.763,-273.0,22.8,-0.004                         
1,42554,21.1,10.764,-273.0,23.5,-0.004                         
1,42564,21.1,10.765,-273.0,22.8,-0.004                         
1,42574,21.1,10.767,-273.0,23.5,-0.004                         
1,42584,21.1,10.768,-273.0,22.8,-0.004                         
1,42594,21.1,10.769,-273.0,23.5,-0.004                         
1,42604,21.1,10.771,-273.0,22.8,-0.004                         
1,42614,21.1,10.772,-273.0,23.4,-0.004                         
1,42624,21.1,10.774,-273.0,22.7,-0.004                         
1,42634,21.1,10.775,-273.0,23.4,-0.004                         
1,42644,21.1,10.776,-273.0,22.8,-0.004                         
1,42654,21.1,10.778,-273.0,23.4,-0.004                         
1,42664,21.1,10.779,-273.0,22.7,-0.004                         
1,42674,21.1,10.780,-273.0,23.4,-0.004                         
1,42684,21.1,10.781,-273.0,22.7,-0.004                         
1,42694,21.1,10.783,-273.0,23.4,-0.004                         
1,42704,21.1,10.784,-273.0,22.7,-0.004                         
1,42714,21.1,10.785,-273.0,23.4,-0.004                         
1,42724,21.1,10.787,-273.0,22.7,-0.004                         
1,42734,21.1,10.788,-273.0,23.4,-0.004                         
1,42744,21.1,10.789,-273.0,22.7,-0.004                         
1,42754,21.1,10.791,-273.0,23.4,-0.004                         
1,42764,21.1,10.792,-273.0,22.7,-0.004                         
1,42774,21.1,10.793,-273.0,23.4,-0.004                         
1,42784,21.1,10.795,-273.0,22.7,-0.004                         
1,42794,21.1,10.796,-273.0,23.4,-0.004                         
1,42804,21.1,10.797,-273.0,22.7,-0.004                         
1,42814,21.1,10.799,-273.0,23.4,-0.004                         
1,42824,21.1,10.800,-273.0,22.7,-0.004                         
1,42834,21.1,10.801,-273.0,23.4,-0.004                         
1,42844,21.1,10.802,-273.0,22.7,-0.004                         
1,42854,21.1,10.804,-273.0,23.4,-0.004                         
1,42864,21.1,10.805,-273.0,22.7,-0.004                         
1,42874,21.1,10.806,-273.0,23.4,-0.004                         
1,42884,21.1,10.807,-273.0,22.7,-0.004                         
1,42894,21.1,10.809,-273.0,23.4,-0.004                         
1,42904,21.1,10.810,-273.0,22.7,-0.004                         
1,42914,21.1,10.812,-273.0,23.4,-0.004                         
1,42924,21.1,10.813,-273.0,22.6,-0.004                         
1,42934,21.1,10.815,-273.0,23.4,-0.004                         
1,42944,21.1,10.816,-273.0,22.7,-0.004                         
1,42954,21.1,10.817,-273.0,23.3,-0.004                         
1,42964,21.1,10.818,-273.0,22.7,-0.004                         
1,42974,21.1,10.819,-273.0,23.3,-0.004                         
1,42984,21.1,10.821,-273.0,22.7,-0.004                         
1,42994,21.1,10.822,-273.0,23.3,-0.004                         
1,43004,21.1,10.824,-273.0,22.7,-0.004                         
1,43014,21.1,10.825,-273.0,23.3,-0.004                         
1,43024,21.1,10.826,-273.0,22.7,-0.004                         
1,43034,21.1,10.828,-273.0,23.3,-0.004                         
1,43044,21.1,10.829,-273.0,22.7,-0.004                         
1,43054,21.1,10.830,-273.0,23.3,-0.004                         
1,43064,21.1,10.832,-273.0,22.7,-0.004                         
1,43074,21.1,10.834,-273.0,23.3,-0.004                         
1,43084,21.1,10.834,-273.0,22.7,-0.004                         
1,43094,21.1,10.836,-273.0,23.3,-0.004                         
1,43104,21.1,10.837,-273.0,22.7,-0.004                         
1,43114,21.1,10.838,-273.0,23.3,-0.004                         
1,43124,21.1,10.840,-273.0,22.7,-0.004                         
1,43134,21.1,10.841,-273.0,23.3,-0.004                         
1,43144,21.1,10.843,-273.0,22.7,-0.004                         
1,43154,21.1,10.844,-273.0,23.3,-0.004                         
1,43164,21.1,10.845,-273.0,22.7,-0.004                         
1,43174,21.1,10.847,-273.0,23.2,-0.004                         
1,43184,21.1,10.847,-273.0,22.6,-0.004                         
1,43194,21.1,10.849,-273.0,23.3,-0.004                         
1,43204,21.1,10.850,-273.0,22.7,-0.004                         
1,43214,21.1,10.852,-273.0,23.3,-0.004                         
1,43224,21.1,10.853,-273.0,22.7,-0.004                         
1,43234,21.1,10.854,-273.0,23.3,-0.004                         
1,43244,21.1,10.855,-273.0,22.6,-0.004                         
1,43254,21.1,10.856,-273.0,23.2,-0.004                         
1,43264,21.1,10.858,-273.0,22.6,-0.004                         
1,43274,21.1,10.859,-273.0,23.3,-0.004                         
1,43284,21.1,10.861,-273.0,22.6,-0.004                         
1,43294,21.1,10.862,-273.0,23.2,-0.004                         
1,43304,21.1,10.863,-273.0,22.7,-0.004                         
1,43314,21.1,10.864,-273.0,23.2,-0.004                         
1,43324,21.1,10.866,-273.0,22.6,-0.004                         
1,43334,21.1,10.867,-273.0,23.3,-0.004                         
1,43344,21.1,10.868,-273.0,22.6,-0.004                         
1,43354,21.1,10.870,-273.0,23.3,-0.004                         
1,43364,21.1,10.871,-273.0,22.6,-0.004                         
1,43374,21.1,10.872,-273.0,23.2,-0.004                         
1,43384,21.1,10.873,-273.0,22.6,-0.004                         
1,43394,21.1,10.875,-273.0,23.2,-0.004                         
1,43404,21.1,10.876,-273.0,22.6,-0.004                         
1,43414,21.1,10.877,-273.0,23.2,-0.004                         
1,43424,21.1,10.879,-273.0,22.6,-0.004                         
1,43434,21.1,10.879,-273.0,23.3,-0.004                         
1,43444,21.1,10.881,-273.0,22.6,-0.004                         
1,43454,21.1,10.883,-273.0,23.2,-0.004                         
1,43464,21.1,10.883,-273.0,22.6,-0.004                         
1,43474,21.1,10.885,-273.0,23.2,-0.004                         
1,43484,21.1,10.886,-273.0,22.5,-0.004                         
1,43494,21.1,10.887,-273.0,23.2,-0.004                         
1,43504,21.1,10.889,-273.0,22.6,-0.004                         
1,43514,21.1,10.890,-273.0,23.2,-0.004                         
1,43524,21.1,10.891,-273.0,22.6,-0.004                         
1,43534,21.1,10.892,-273.0,23.2,-0.004                         
1,43544,21.1,10.894,-273.0,22.6,-0.004                         
1,43554,21.1,10.895,-273.0,23.2,-0.004                         
1,43564,21.1,10.897,-273.0,22.6,-0.004                         
1,43574,21.1,10.898,-273.0,23.2,-0.004                         
1,43584,21.1,10.898,-273.0,22.6,-0.004                         
1,43594,21.1,10.901,-273.0,23.2,-0.004                         
1,43604,21.1,10.902,-273.0,22.5,-0.004                         
1,43614,21.1,10.903,-273.0,23.2,-0.004                         
1,43624,21.1,10.904,-273.0,22.6,-0.004                         
1,43634,21.1,10.905,-273.0,23.2,-0.004                         
1,43644,21.1,10.907,-273.0,22.5,-0.004                         
1,43654,21.1,10.908,-273.0,23.2,-0.004                         
1,43664,21.1,10.910,-273.0,22.6,-0.004                         
1,43674,21.1,10.911,-273.0,23.2,-0.004                         
1,43684,21.1,10.912,-273.0,22.5,-0.004                         
1,43694,21.1,10.913,-273.0,23.2,-0.004                         
1,43704,21.1,10.914,-273.0,22.6,-0.004                         
1,43714,21.1,10.916,-273.0,23.2,-0.004                         
1,43724,21.1,10.917,-273.0,22.5,-0.004                         
1,43734,21.1,10.918,-273.0,23.2,-0.004                         
1,43744,21.1,10.919,-273.0,22.5,-0.004                         
1,43754,21.1,10.921,-273.0,23.2,-0.004                         
1,43764,21.1,10.922,-273.0,22.5,-0.004                         
1,43774,21.1,10.923,-273.0,23.1,-0.004                         
1,43784,21.1,10.924,-273.0,22.5,-0.004                         
1,43794,21.1,10.926,-273.0,23.2,-0.004                         
1,43804,21.1,10.927,-273.0,22.5,-0.004                         
1,43814,21.1,10.928,-273.0,23.1,-0.004                         
1,43824,21.1,10.929,-273.0,22.5,-0.004                         
1,43834,21.1,10.931,-273.0,23.1,-0.004                         
1,43844,21.1,10.932,-273.0,22.5,-0.004                         
1,43854,21.1,10.933,-273.0,23.1,-0.004                         
1,43864,21.1,10.935,-273.0,22.5,-0.004                         
1,43874,21.1,10.936,-273.0,23.2,-0.004                         
1,43884,21.1,10.937,-273.0,22.5,-0.004                         
1,43894,21.1,10.938,-273.0,23.1,-0.004                         
1,43904,21.1,10.940,-273.0,22.4,-0.004                         
1,43914,21.1,10.941,-273.0,23.1,-0.004                         
1,43924,21.1,10.943,-273.0,22.5,-0.004                         
1,43934,21.1,10.944,-273.0,23.1,-0.004                         
1,43944,21.1,10.945,-273.0,22.5,-0.004                         
1,43954,21.1,10.946,-273.0,23.1,-0.004                         
1,43964,21.1,10.947,-273.0,22.5,-0.004                         
1,43974,21.1,10.949,-273.0,23.1,-0.004                         
1,43984,21.1,10.950,-273.0,22.5,-0.004                         
1,43994,21.1,10.951,-273.0,23.1,-0.004                         
1,44004,21.1,10.953,-273.0,22.4,-0.004                         
1,44014,21.1,10.954,-273.0,23.2,-0.004                         
1,44024,21.1,10.955,-273.0,22.5,-0.004                         
1,44034,21.1,10.957,-273.0,23.1,-0.004                         
1,44044,21.1,10.958,-273.0,22.4,-0.004                         
1,44054,21.1,10.959,-273.0,23.1,-0.004                         
1,44064,21.1,10.960,-273.0,22.4,-0.004                         
1,44074,21.1,10.962,-273.0,23.1,-0.004                         
1,44084,21.1,10.963,-273.0,22.4,-0.004                         
1,44094,21.1,10.964,-273.0,23.1,-0.004                         
1,44104,21.1,10.965,-273.0,22.4,-0.004                         
1,44114,21.1,10.967,-273.0,23.1,-0.004                         
1,44124,21.1,10.968,-273.0,22.4,-0.004                         
1,44134,21.1,10.969,-273.0,23.1,-0.004                         
1,44144,21.1,10.970,-273.0,22.4,-0.004                         
1,44154,21.1,10.972,-273.0,23.1,-0.004                         
1,44164,21.1,10.973,-273.0,22.4,-0.004                         
1,44174,21.1,10.974,-273.0,23.1,-0.004                         
1,44184,21.1,10.976,-273.0,22.4,-0.004                         
1,44194,21.1,10.977,-273.0,23.1,-0.004                         
1,44204,21.1,10.978,-273.0,22.4,-0.004                         
1,44214,21.1,10.979,-273.0,23.1,-0.004                         
1,44224,21.1,10.981,-273.0,22.4,-0.004                         
1,44234,21.1,10.982,-273.0,23.1,-0.004                         
1,44244,21.1,10.983,-273.0,22.4,-0.004                         
1,44254,21.1,10.985,-273.0,23.1,-0.004                         
1,44264,21.1,10.986,-273.0,22.4,-0.004                         
1,44274,21.1,10.987,-273.0,23.1,-0.004                         
1,44284,21.1,10.989,-273.0,22.4,-0.004                         
1,44294,21.1,10.989,-273.0,23.0,-0.004                         
1,44304,21.1,10.991,-273.0,22.4,-0.004                         
1,44314,21.1,10.992,-273.0,23.0,-0.004                         
1,44324,21.1,10.993,-273.0,22.4,-0.004                         
1,44334,21.1,10.994,-273.0,23.0,-0.004                         
1,44344,21.1,10.996,-273.0,22.4,-0.004                         
1,44354,21.1,10.997,-273.0,23.1,-0.004                         
1,44364,21.1,10.998,-273.0,22.4,-0.004                         
1,44374,21.1,10.999,-273.0,23.1,-0.004                         
1,44384,21.1,11.001,-273.0,22.4,-0.004                         
1,44394,21.1,11.002,-273.0,23.1,-0.004                         
1,44404,21.1,11.003,-273.0,22.3,-0.004                         
1,44414,21.1,11.004,-273.0,23.0,-0.004                         
1,44424,21.1,11.005,-273.0,22.4,-0.004                         
1,44434,21.1,11.007,-273.0,23.1,-0.004                         
1,44444,21.1,11.008,-273.0,22.4,-0.004                         
1,44454,21.1,11.009,-273.0,23.1,-0.004                         
1,44464,21.1,11.010,-273.0,22.3,-0.004                         
1,44474,21.1,11.012,-273.0,23.0,-0.004                         
1,44484,21.1,11.013,-273.0,22.3,-0.004                         
1,44494,21.1,11.015,-273.0,23.1,-0.004                         
1,44504,21.1,11.016,-273.0,22.3,-0.004                         
1,44514,21.1,11.017,-273.0,23.1,-0.004                         
1,44524,21.1,11.018,-273.0,22.3,-0.004                         
1,44534,21.1,11.019,-273.0,23.1,-0.004                         
1,44544,21.1,11.020,-273.0,22.3,-0.004                         
1,44554,21.1,11.021,-273.0,23.1,-0.004                         
1,44564,21.1,11.023,-273.0,22.3,-0.004                         
1,44574,21.1,11.024,-273.0,23.1,-0.004                         
1,44584,21.1,11.025,-273.0,22.3,-0.004                         
1,44594,21.1,11.027,-273.0,23.1,-0.004                         
1,44604,21.1,11.028,-273.0,22.2,-0.004                         
1,44614,21.1,11.029,-273.0,23.1,-0.004                         
1,44624,21.1,11.030,-273.0,22.2,-0.004                         
1,44634,21.1,11.032,-273.0,23.1,-0.004                         
1,44644,21.1,11.033,-273.0,22.3,-0.004                         
1,44654,21.1,11.034,-273.0,23.1,-0.004                         
1,44664,21.1,11.036,-273.0,22.3,-0.004                         
1,44674,21.1,11.036,-273.0,23.1,-0.004                         
1,44684,21.1,11.037,-273.0,22.3,-0.004                         
1,44694,21.1,11.039,-273.0,23.1,-0.004                         
1,44704,21.1,11.040,-273.0,22.2,-0.004                         
1,44714,21.1,11.041,-273.0,23.1,-0.004                         
1,44724,21.1,11.043,-273.0,22.2,-0.004                         
1,44734,21.1,11.044,-273.0,23.1,-0.004                         
1,44744,21.1,11.045,-273.0,22.2,-0.004                         
1,44754,21.1,11.047,-273.0,23.0,-0.004                         
1,44764,21.1,11.048,-273.0,22.2,-0.004                         
1,44774,21.1,11.049,-273.0,23.1,-0.004                         
1,44784,21.1,11.050,-273.0,22.2,-0.004                         
1,44794,21.1,11.051,-273.0,23.1,-0.004                         
1,44804,21.1,11.053,-273.0,22.2,-0.004                         
1,44814,21.1,11.054,-273.0,23.1,-0.004                         
1,44824,21.1,11.055,-273.0,22.2,-0.004                         
1,44834,21.1,11.056,-273.0,23.0,-0.004                         
1,44844,21.1,11.058,-273.0,22.2,-0.004                         
1,44854,21.1,11.059,-273.0,23.0,-0.004                         
1,44864,21.1,11.060,-273.0,22.2,-0.004                         
1,44874,21.1,11.061,-273.0,23.0,-0.004                         
1,44884,21.1,11.063,-273.0,22.2,-0.004                         
1,44894,21.1,11.064,-273.0,23.1,-0.004                         
1,44904,21.1,11.065,-273.0,22.2,-0.004                         
1,44914,21.1,11.066,-273.0,23.1,-0.004                         
1,44924,21.1,11.067,-273.0,22.2,-0.004                         
1,44934,21.1,11.069,-273.0,23.1,-0.004                         
1,44944,21.1,11.070,-273.0,22.1,-0.004                         
1,44954,21.1,11.071,-273.0,23.1,-0.004                         
1,44964,21.1,11.072,-273.0,22.2,-0.004                         
1,44974,21.1,11.074,-273.0,23.0,-0.004                         
1,44984,21.1,11.074,-273.0,22.2,-0.004                         
1,44994,21.1,11.076,-273.0,23.1,-0.004                         
1,45004,21.1,11.077,-273.0,22.2,-0.004                         
1,45014,21.1,11.078,-273.0,23.1,-0.004                         
1,45024,21.1,11.079,-273.0,22.1,-0.004                         
1,45034,21.1,11.080,-273.0,23.1,-0.004                         
1,45044,21.1,11.082,-273.0,22.1,-0.004                         
1,45054,21.1,11.083,-273.0,23.0,-0.004                         
1,45064,21.1,11.084,-273.0,22.1,-0.004                         
1,45074,21.1,11.086,-273.0,23.0,-0.004                         
1,45084,21.1,11.087,-273.0,22.2,-0.004                         
1,45094,21.1,11.088,-273.0,23.0,-0.004                         
1,45104,21.1,11.089,-273.0,22.1,-0.004                         
1,45114,21.1,11.091,-273.0,23.0,-0.004                         
1,45124,21.1,11.091,-273.0,22.1,-0.004                         
1,45134,21.1,11.093,-273.0,23.0,-0.004                         
1,45144,21.1,11.094,-273.0,22.2,-0.004                         
1,45154,21.1,11.095,-273.0,23.0,-0.004                         
1,45164,21.1,11.096,-273.0,22.1,-0.004                         
1,45174,21.1,11.098,-273.0,23.0,-0.004                         
1,45184,21.1,11.099,-273.0,22.1,-0.004                         
1,45194,21.1,11.100,-273.0,23.0,-0.004                         
1,45204,21.1,11.101,-273.0,22.1,-0.004                         
1,45214,21.1,11.103,-273.0,23.0,-0.004                         
1,45224,21.1,11.104,-273.0,22.1,-0.004                         
1,45234,21.1,11.105,-273.0,23.0,-0.004                         
1,45244,21.1,11.106,-273.0,22.1,-0.004                         
1,45254,21.1,11.107,-273.0,23.0,-0.004                         
1,45264,21.1,11.108,-273.0,22.1,-0.004                         
1,45274,21.1,11.110,-273.0,23.0,-0.004                         
1,45284,21.1,11.111,-273.0,22.1,-0.004                         
1,45294,21.1,11.112,-273.0,23.0,-0.004                         
1,45304,21.1,11.113,-273.0,22.1,-0.004                         
1,45314,21.1,11.114,-273.0,23.0,-0.004                         
1,45324,21.1,11.116,-273.0,22.1,-0.004                         
1,45334,21.1,11.117,-273.0,23.0,-0.004                         
1,45344,21.1,11.118,-273.0,22.1,-0.004                         
1,45354,21.1,11.120,-273.0,23.0,-0.004                         
1,45364,21.1,11.120,-273.0,22.1,-0.004                         
1,45374,21.1,11.122,-273.0,23.0,-0.004                         
1,45384,21.1,11.123,-273.0,22.0,-0.004                         
1,45394,21.1,11.124,-273.0,23.0,-0.004                         
1,45404,21.1,11.125,-273.0,22.1,-0.004                         
1,45414,21.1,11.127,-273.0,23.0,-0.004                         
1,45424,21.1,11.128,-273.0,22.1,-0.004                         
1,45434,21.1,11.129,-273.0,23.0,-0.004                         
1,45444,21.1,11.130,-273.0,22.1,-0.004                         
1,45454,21.1,11.132,-273.0,23.0,-0.004                         
1,45464,21.1,11.133,-273.0,22.0,-0.004                         
1,45474,21.1,11.134,-273.0,23.0,-0.004                         
1,45484,21.1,11.135,-273.0,22.0,-0.004                         
1,45494,21.1,11.137,-273.0,22.9,-0.004                         
1,45504,21.1,11.137,-273.0,22.1,-0.004                         
1,45514,21.1,11.139,-273.0,23.0,-0.004                         
1,45524,21.1,11.140,-273.0,22.1,-0.004                         
1,45534,21.1,11.141,-273.0,22.9,-0.004                         
1,45544,21.1,11.142,-273.0,22.1,-0.004                         
1,45554,21.1,11.144,-273.0,23.0,-0.004                         
1,45564,21.1,11.145,-273.0,22.0,-0.004                         
1,45574,21.1,11.146,-273.0,22.9,-0.004                         
1,45584,21.1,11.147,-273.0,22.0,-0.004                         
1,45594,21.1,11.148,-273.0,23.0,-0.004                         
1,45604,21.1,11.149,-273.0,22.0,-0.004                         
1,45614,21.1,11.151,-273.0,23.0,-0.004                         
1,45624,21.1,11.152,-273.0,22.0,-0.004                         
1,45634,21.1,11.153,-273.0,22.9,-0.004                         
1,45644,21.1,11.154,-273.0,22.0,-0.004                         
1,45654,21.1,11.156,-273.0,23.0,-0.004                         
1,45664,21.1,11.157,-273.0,22.0,-0.004                         
1,45674,21.1,11.158,-273.0,22.9,-0.004                         
1,45684,21.1,11.159,-273.0,22.1,-0.004                         
1,45694,21.1,11.161,-273.0,22.9,-0.004                         
1,45704,21.1,11.161,-273.0,22.0,-0.004                         
1,45714,21.1,11.163,-273.0,22.9,-0.004                         
1,45724,21.1,11.164,-273.0,22.0,-0.004                         
1,45734,21.1,11.165,-273.0,22.9,-0.004                         
1,45744,21.1,11.166,-273.0,22.0,-0.004                         
1,45754,21.1,11.167,-273.0,22.9,-0.004                         
1,45764,21.1,11.169,-273.0,22.0,-0.004                         
1,45774,21.1,11.170,-273.0,22.9,-0.004                         
1,45792,21.1,11.171,-273.0,22.0,-0.004                         
1,45918,21.1,11.173,-273.0,21.8,-0.004                         
1,46023,21.1,11.175,-273.0,22.2,-0.004                         
1,46044,21.1,11.177,-273.0,23.6,-0.004                         
1,46170,21.1,11.179,-273.0,24.0,-0.004                         
1,46296,21.1,11.181,-273.0,21.8,-0.004                         
1,46423,21.1,11.183,-273.0,21.6,-0.004                         
1,46549,21.1,11.185,-273.0,23.3,-0.004                         
1,46556,21.1,11.188,-273.0,22.4,-0.004                         
1,46565,21.1,11.190,-273.0,22.1,-0.004                         
1,46575,21.1,11.191,-273.0,22.6,-0.004                         
1,46585,21.1,11.192,-273.0,22.0,-0.004                         
1,46595,21.1,11.194,-273.0,22.6,-0.004                         
1,46605,21.1,11.194,-273.0,22.0,-0.004                         
1,46615,21.1,11.196,-273.0,22.6,-0.004                         
1,46625,21.1,11.197,-273.0,22.1,-0.004                         
1,46635,21.1,11.199,-273.0,22.6,-0.004                         
1,46645,21.1,11.200,-273.0,22.0,-0.004                         
1,46655,21.1,11.201,-273.0,22.5,-0.004                         
1,46665,21.1,11.202,-273.0,22.0,-0.004                         
1,46675,21.1,11.203,-273.0,22.6,-0.004                         
1,46685,21.1,11.204,-273.0,22.0,-0.004                         
1,46695,21.1,11.205,-273.0,22.6,-0.004                         
1,46705,21.1,11.206,-273.0,22.0,-0.004                         
1,46715,21.1,11.208,-273.0,22.6,-0.004                         
1,46725,21.1,11.209,-273.0,22.0,-0.004                         
1,46735,21.1,11.211,-273.0,22.5,-0.004                         
1,46745,21.1,11.211,-273.0,22.0,-0.004                         
1,46755,21.1,11.213,-273.0,22.5,-0.004                         
1,46765,21.1,11.214,-273.0,22.0,-0.004                         
1,46775,21.1,11.215,-273.0,22.6,-0.004                         
1,46785,21.1,11.216,-273.0,22.0,-0.004                         
1,46795,21.1,11.218,-273.0,22.6,-0.004                         
1,46805,21.1,11.218,-273.0,22.0,-0.004                         
1,46815,21.1,11.220,-273.0,22.6,-0.004                         
1,46825,21.1,11.221,-273.0,22.0,-0.004                         
1,46835,21.1,11.222,-273.0,22.5,-0.004                         
1,46845,21.1,11.223,-273.0,22.0,-0.004                         
1,46855,21.1,11.225,-273.0,22.5,-0.004                         
1,46865,21.1,11.225,-273.0,21.9,-0.004                         
1,46875,21.1,11.227,-273.0,22.5,-0.004                         
1,46885,21.1,11.228,-273.0,22.0,-0.004                         
1,46895,21.1,11.229,-273.0,22.6,-0.004                         
1,46905,21.1,11.230,-273.0,21.9,-0.004                         
1,46915,21.1,11.232,-273.0,22.6,-0.004                         
1,46925,21.1,11.233,-273.0,21.9,-0.004                         
1,46935,21.1,11.234,-273.0,22.6,-0.004                         
1,46945,21.1,11.235,-273.0,22.0,-0.004                         
1,46955,21.1,11.236,-273.0,22.6,-0.004                         
1,46965,21.1,11.237,-273.0,21.9,-0.004                         
1,46975,21.1,11.239,-273.0,22.5,-0.004                         
1,46985,21.1,11.240,-273.0,22.0,-0.004                         
1,46995,21.1,11.241,-273.0,22.5,-0.004                         
1,47005,21.1,11.242,-273.0,21.9,-0.004                         
1,47015,21.1,11.243,-273.0,22.5,-0.004                         
1,47025,21.1,11.244,-273.0,21.9,-0.004                         
1,47035,21.1,11.246,-273.0,22.6,-0.004                         
1,47045,21.1,11.247,-273.0,21.9,-0.004                         
1,47055,21.1,11.248,-273.0,22.5,-0.004                         
1,47065,21.1,11.249,-273.0,21.9,-0.004                         
1,47075,21.1,11.250,-273.0,22.6,-0.004                         
1,47085,21.1,11.252,-273.0,22.0,-0.004                         
1,47095,21.1,11.253,-273.0,22.6,-0.004                         
1,47105,21.1,11.254,-273.0,21.9,-0.004                         
1,47115,21.1,11.255,-273.0,22.5,-0.004                         
1,47125,21.1,11.256,-273.0,21.9,-0.004                         
1,47135,21.1,11.258,-273.0,22.5,-0.004                         
1,47145,21.1,11.259,-273.0,21.9,-0.004                         
1,47155,21.1,11.260,-273.0,22.6,-0.004                         
1,47165,21.1,11.261,-273.0,21.9,-0.004                         
1,47175,21.1,11.263,-273.0,22.5,-0.004                         
1,47185,21.1,11.264,-273.0,21.9,-0.004                         
1,47195,21.1,11.265,-273.0,22.5,-0.004                         
1,47205,21.1,11.266,-273.0,21.9,-0.004                         
1,47215,21.1,11.268,-273.0,22.5,-0.004                         
1,47225,21.1,11.268,-273.0,21.9,-0.004                         
1,47235,21.1,11.270,-273.0,22.5,-0.004                         
1,47245,21.1,11.271,-273.0,21.9,-0.004                         
1,47255,21.1,11.272,-273.0,22.5,-0.004                         
1,47265,21.1,11.274,-273.0,21.9,-0.004                         
1,47275,21.1,11.275,-273.0,22.5,-0.004                         
1,47285,21.1,11.276,-273.0,21.9,-0.004                         
1,47295,21.1,11.277,-273.0,22.4,-0.004                         
1,47305,21.1,11.278,-273.0,21.9,-0.004                         
1,47315,21.1,11.280,-273.0,22.5,-0.004                         
1,47325,21.1,11.281,-273.0,21.9,-0.004                         
1,47335,21.1,11.282,-273.0,22.5,-0.004                         
1,47345,21.1,11.283,-273.0,21.9,-0.004                         
1,47355,21.1,11.284,-273.0,22.5,-0.004                         
1,47365,21.1,11.285,-273.0,21.9,-0.004                         
1,47375,21.1,11.287,-273.0,22.5,-0.004                         
1,47385,21.1,11.288,-273.0,21.9,-0.004                         
1,47395,21.1,11.289,-273.0,22.5,-0.004                         
1,47405,21.1,11.290,-273.0,21.9,-0.004                         
1,47415,21.1,11.291,-273.0,22.5,-0.004                         
1,47425,21.1,11.293,-273.0,21.9,-0.004                         
1,47435,21.1,11.294,-273.0,22.5,-0.004                         
1,47445,21.1,11.295,-273.0,21.9,-0.004                         
1,47455,21.1,11.297,-273.0,22.5,-0.004                         
1,47465,21.1,11.298,-273.0,21.9,-0.004                         
1,47475,21.1,11.299,-273.0,22.5,-0.004                         
1,47485,21.1,11.300,-273.0,21.9,-0.004                         
1,47495,21.1,11.301,-273.0,22.5,-0.004                         
1,47505,21.1,11.302,-273.0,21.9,-0.004                         
1,47515,21.1,11.304,-273.0,22.5,-0.004                         
1,47525,21.1,11.305,-273.0,21.8,-0.004                         
1,47535,21.1,11.306,-273.0,22.5,-0.004                         
1,47545,21.1,11.307,-273.0,21.9,-0.004                         
1,47555,21.1,11.309,-273.0,22.5,-0.004                         
1,47565,21.1,11.310,-273.0,21.9,-0.004                         
1,47575,21.1,11.311,-273.0,22.5,-0.004                         
1,47585,21.1,11.312,-273.0,21.8,-0.004                         
1,47595,21.1,11.313,-273.0,22.5,-0.004                         
1,47605,21.1,11.314,-273.0,21.9,-0.004                         
1,47615,21.1,11.316,-273.0,22.5,-0.004                         
1,47625,21.1,11.317,-273.0,21.8,-0.004                         
1,47635,21.1,11.318,-273.0,22.5,-0.004                         
1,47645,21.1,11.319,-273.0,21.8,-0.004                         
1,47655,21.1,11.320,-273.0,22.5,-0.004                         
1,47665,21.1,11.322,-273.0,21.8,-0.004                         
1,47675,21.1,11.323,-273.0,22.5,-0.004                         
1,47685,21.1,11.324,-273.0,21.8,-0.004                         
1,47695,21.1,11.325,-273.0,22.5,-0.004                         
1,47705,21.1,11.326,-273.0,21.8,-0.004                         
1,47715,21.1,11.327,-273.0,22.5,-0.004                         
1,47725,21.1,11.328,-273.0,21.8,-0.004                         
1,47735,21.1,11.329,-273.0,22.5,-0.004                         
1,47745,21.1,11.331,-273.0,21.8,-0.004                         
1,47755,21.1,11.332,-273.0,22.5,-0.004                         
1,47765,21.1,11.333,-273.0,21.8,-0.004                         
1,47775,21.1,11.335,-273.0,22.5,-0.004                         
1,47785,21.1,11.336,-273.0,21.9,-0.004                         
1,47795,21.1,11.337,-273.0,22.5,-0.004                         
1,47805,21.1,11.338,-273.0,21.8,-0.004                         
1,47815,21.1,11.339,-273.0,22.5,-0.004                         
1,47825,21.1,11.340,-273.0,21.8,-0.004                         
1,47835,21.1,11.342,-273.0,22.5,-0.004                         
1,47845,21.1,11.342,-273.0,21.8,-0.004                         
1,47855,21.1,11.344,-273.0,22.5,-0.004                         
1,47865,21.1,11.345,-273.0,21.8,-0.004                         
1,47875,21.1,11.346,-273.0,22.4,-0.004                         
1,47885,21.1,11.347,-273.0,21.8,-0.004                         
1,47895,21.1,11.348,-273.0,22.5,-0.004                         
1,47905,21.1,11.350,-273.0,21.8,-0.004                         
1,47915,21.1,11.351,-273.0,22.4,-0.004                         
1,47925,21.1,11.352,-273.0,21.8,-0.004                         
1,47935,21.1,11.353,-273.0,22.4,-0.004                         
1,47945,21.1,11.355,-273.0,21.8,-0.004                         
1,47955,21.1,11.356,-273.0,22.5,-0.004                         
1,47965,21.1,11.357,-273.0,21.8,-0.004                         
1,47975,21.1,11.358,-273.0,22.5,-0.004                         
1,47985,21.1,11.359,-273.0,21.8,-0.004                         
1,47995,21.1,11.361,-273.0,22.4,-0.004                         
1,48005,21.1,11.362,-273.0,21.8,-0.004                         
1,48015,21.1,11.363,-273.0,22.4,-0.004                         
1,48025,21.1,11.364,-273.0,21.8,-0.004                         
1,48035,21.1,11.366,-273.0,22.4,-0.004                         
1,48045,21.1,11.367,-273.0,21.8,-0.004                         
1,48055,21.1,11.368,-273.0,22.5,-0.004                         
1,48065,21.1,11.369,-273.0,21.8,-0.004                         
1,48075,21.1,11.370,-273.0,22.4,-0.004                         
1,48085,21.1,11.371,-273.0,21.8,-0.004                         
1,48095,21.1,11.372,-273.0,22.4,-0.004                         
1,48105,21.1,11.374,-273.0,21.8,-0.004                         
1,48115,21.1,11.375,-273.0,22.4,-0.004                         
1,48125,21.1,11.376,-273.0,21.8,-0.004                         
1,48135,21.1,11.377,-273.0,22.4,-0.004                         
1,48145,21.1,11.378,-273.0,21.8,-0.004                         
1,48155,21.1,11.380,-273.0,22.4,-0.004                         
1,48165,21.1,11.381,-273.0,21.8,-0.004                         
1,48175,21.1,11.382,-273.0,22.4,-0.004                         
1,48185,21.1,11.383,-273.0,21.8,-0.004                         
1,48195,21.1,11.384,-273.0,22.4,-0.004                         
1,48205,21.1,11.385,-273.0,21.8,-0.004                         
1,48215,21.1,11.387,-273.0,22.5,-0.004                         
1,48225,21.1,11.388,-273.0,21.8,-0.004                         
1,48235,21.1,11.389,-273.0,22.4,-0.004                         
1,48245,21.1,11.390,-273.0,21.7,-0.004                         
1,48255,21.1,11.392,-273.0,22.4,-0.004                         
1,48265,21.1,11.393,-273.0,21.8,-0.004                         
1,48275,21.1,11.394,-273.0,22.4,-0.004                         
1,48285,21.1,11.395,-273.0,21.7,-0.004                         
1,48295,21.1,11.397,-273.0,22.4,-0.004                         
1,48305,21.1,11.398,-273.0,21.7,-0.004                         
1,48315,21.1,11.399,-273.0,22.4,-0.004                         
1,48325,21.1,11.400,-273.0,21.8,-0.004                         
1,48335,21.1,11.401,-273.0,22.4,-0.004                         
1,48345,21.1,11.402,-273.0,21.7,-0.004                         
1,48355,21.1,11.403,-273.0,22.4,-0.004                         
1,48365,21.1,11.405,-273.0,21.8,-0.004                         
1,48375,21.1,11.406,-273.0,22.4,-0.004                         
1,48385,21.1,11.407,-273.0,21.7,-0.004                         
1,48395,21.1,11.408,-273.0,22.4,-0.004                         
1,48405,21.1,11.409,-273.0,21.7,-0.004                         
1,48415,21.1,11.410,-273.0,22.4,-0.004                         
1,48425,21.1,11.411,-273.0,21.7,-0.004                         
1,48435,21.1,11.413,-273.0,22.4,-0.004                         
1,48445,21.1,11.414,-273.0,21.7,-0.004                         
1,48455,21.1,11.415,-273.0,22.4,-0.004                         
1,48465,21.1,11.416,-273.0,21.7,-0.004                         
1,48475,21.1,11.418,-273.0,22.4,-0.004                         
1,48485,21.1,11.419,-273.0,21.7,-0.004                         
1,48495,21.1,11.420,-273.0,22.4,-0.004                         
1,48505,21.1,11.421,-273.0,21.7,-0.004                         
1,48515,21.1,11.422,-273.0,22.4,-0.004                         
1,48525,21.1,11.424,-273.0,21.7,-0.004                         
1,48535,21.1,11.425,-273.0,22.4,-0.004                         
1,48545,21.1,11.426,-273.0,21.6,-0.004                         
1,48555,21.1,11.427,-273.0,22.4,-0.004                         
1,48565,21.1,11.428,-273.0,21.7,-0.004                         
1,48575,21.1,11.430,-273.0,22.4,-0.004                         
1,48585,21.1,11.431,-273.0,21.7,-0.004                         
1,48595,21.1,11.432,-273.0,22.4,-0.004                         
1,48605,21.1,11.433,-273.0,21.7,-0.004                         
1,48615,21.1,11.434,-273.0,22.4,-0.004                         
1,48625,21.1,11.435,-273.0,21.7,-0.004                         
1,48635,21.1,11.437,-273.0,22.4,-0.004                         
1,48645,21.1,11.438,-273.0,21.7,-0.004                         
1,48655,21.1,11.439,-273.0,22.4,-0.004                         
1,48665,21.1,11.440,-273.0,21.7,-0.004                         
1,48675,21.1,11.441,-273.0,22.4,-0.004                         
1,48685,21.1,11.442,-273.0,21.7,-0.004                         
1,48695,21.1,11.444,-273.0,22.4,-0.004                         
1,48705,21.1,11.445,-273.0,21.7,-0.004                         
1,48715,21.1,11.446,-273.0,22.4,-0.004                         
1,48725,21.1,11.447,-273.0,21.7,-0.004                         
1,48735,21.1,11.448,-273.0,22.4,-0.004                         
1,48745,21.1,11.449,-273.0,21.7,-0.004                         
1,48755,21.1,11.451,-273.0,22.4,-0.004                         
1,48765,21.1,11.452,-273.0,21.7,-0.004                         
1,48775,21.1,11.453,-273.0,22.4,-0.004                         
1,48785,21.1,11.454,-273.0,21.7,-0.004                         
1,48795,21.1,11.456,-273.0,22.4,-0.004                         
1,48805,21.1,11.457,-273.0,21.7,-0.004                         
1,48815,21.1,11.458,-273.0,22.4,-0.004                         
1,48825,21.1,11.459,-273.0,21.6,-0.004                         
1,48835,21.1,11.460,-273.0,22.4,-0.004                         
1,48845,21.1,11.461,-273.0,21.7,-0.004                         
1,48855,21.1,11.463,-273.0,22.4,-0.004                         
1,48865,21.1,11.463,-273.0,21.7,-0.004                         
1,48875,21.1,11.465,-273.0,22.4,-0.004                         
1,48885,21.1,11.466,-273.0,21.6,-0.004                         
1,48895,21.1,11.467,-273.0,22.4,-0.004                         
1,48905,21.1,11.468,-273.0,21.6,-0.004                         
1,48915,21.1,11.470,-273.0,22.4,-0.004                         
1,48925,21.1,11.470,-273.0,21.6,-0.004                         
1,48935,21.1,11.472,-273.0,22.4,-0.004                         
1,48945,21.1,11.473,-273.0,21.6,-0.004                         
1,48955,21.1,11.474,-273.0,22.4,-0.004                         
1,48965,21.1,11.475,-273.0,21.6,-0.004                         
1,48975,21.1,11.477,-273.0,22.3,-0.004                         
1,48985,21.1,11.478,-273.0,21.6,-0.004                         
1,48995,21.1,11.479,-273.0,22.4,-0.004                         
1,49005,21.1,11.480,-273.0,21.6,-0.004                         
1,49015,21.1,11.481,-273.0,22.4,-0.004                         
1,49025,21.1,11.482,-273.0,21.6,-0.004                         
1,49035,21.1,11.483,-273.0,22.4,-0.004                         
1,49045,21.1,11.485,-273.0,21.7,-0.004                         
1,49055,21.1,11.486,-273.0,22.4,-0.004                         
1,49065,21.1,11.487,-273.0,21.6,-0.004                         
1,49075,21.1,11.488,-273.0,22.4,-0.004                         
1,49085,21.1,11.489,-273.0,21.6,-0.004                         
1,49095,21.1,11.490,-273.0,22.4,-0.004                         
1,49105,21.1,11.491,-273.0,21.6,-0.004                         
1,49115,21.1,11.493,-273.0,22.4,-0.004                         
1,49125,21.1,11.493,-273.0,21.6,-0.004                         
1,49135,21.1,11.495,-273.0,22.4,-0.004                         
1,49145,21.1,11.496,-273.0,21.6,-0.004                         
1,49155,21.1,11.497,-273.0,22.3,-0.004                         
1,49165,21.1,11.498,-273.0,21.6,-0.004                         
1,49175,21.1,11.500,-273.0,22.3,-0.004                         
1,49185,21.1,11.500,-273.0,21.6,-0.004                         
1,49195,21.1,11.502,-273.0,22.3,-0.004                         
1,49205,21.1,11.502,-273.0,21.6,-0.004                         
1,49215,21.1,11.504,-273.0,22.3,-0.004                         
1,49225,21.1,11.505,-273.0,21.6,-0.004                         
1,49235,21.1,11.506,-273.0,22.3,-0.004                         
1,49245,21.1,11.507,-273.0,21.6,-0.004                         
1,49255,21.1,11.508,-273.0,22.3,-0.004                         
1,49265,21.1,11.510,-273.0,21.5,-0.004                         
1,49275,21.1,11.511,-273.0,22.4,-0.004                         
1,49285,21.1,11.512,-273.0,21.6,-0.004                         
1,49295,21.1,11.513,-273.0,22.3,-0.004                         
1,49305,21.1,11.514,-273.0,21.6,-0.004                         
1,49315,21.1,11.515,-273.0,22.4,-0.004                         
1,49325,21.1,11.516,-273.0,21.6,-0.004                         
1,49335,21.1,11.517,-273.0,22.4,-0.004                         
1,49345,21.1,11.518,-273.0,21.5,-0.004                         
1,49355,21.1,11.520,-273.0,22.4,-0.004                         
1,49365,21.1,11.520,-273.0,21.6,-0.004                         
1,49375,21.1,11.522,-273.0,22.4,-0.004                         
1,49385,21.1,11.523,-273.0,21.6,-0.004                         
1,49395,21.1,11.524,-273.0,22.3,-0.004                         
1,49405,21.1,11.525,-273.0,21.6,-0.004                         
1,49415,21.1,11.526,-273.0,22.4,-0.004                         
1,49425,21.1,11.527,-273.0,21.5,-0.004                         
1,49435,21.1,11.528,-273.0,22.3,-0.004                         
1,49445,21.1,11.529,-273.0,21.6,-0.004                         
1,49455,21.1,11.531,-273.0,22.4,-0.004                         
1,49465,21.1,11.532,-273.0,21.5,-0.004                         
1,49475,21.1,11.533,-273.0,22.3,-0.004                         
1,49485,21.1,11.534,-273.0,21.5,-0.004                         
1,49495,21.1,11.535,-273.0,22.4,-0.004                         
1,49505,21.1,11.536,-273.0,21.5,-0.004                         
1,49515,21.1,11.538,-273.0,22.3,-0.004                         
1,49525,21.1,11.539,-273.0,21.5,-0.004                         
1,49535,21.1,11.540,-273.0,22.4,-0.004                         
1,49545,21.1,11.541,-273.0,21.6,-0.004                         
1,49555,21.1,11.542,-273.0,22.3,-0.004                         
1,49565,21.1,11.543,-273.0,21.5,-0.004                         
1,49575,21.1,11.545,-273.0,22.3,-0.004                         
1,49585,21.1,11.545,-273.0,21.6,-0.004                         
1,49595,21.1,11.547,-273.0,22.3,-0.004                         
1,49605,21.1,11.548,-273.0,21.5,-0.004                         
1,49615,21.1,11.549,-273.0,22.3,-0.004                         
1,49625,21.1,11.550,-273.0,21.6,-0.004                         
1,49635,21.1,11.551,-273.0,22.3,-0.004                         
1,49645,21.1,11.552,-273.0,21.5,-0.004                         
1,49655,21.1,11.554,-273.0,22.3,-0.004                         
1,49665,21.1,11.555,-273.0,21.5,-0.004                         
1,49675,21.1,11.556,-273.0,22.3,-0.004                         
1,49685,21.1,11.557,-273.0,21.5,-0.004                         
1,49695,21.1,11.558,-273.0,22.3,-0.004                         
1,49705,21.1,11.560,-273.0,21.5,-0.004                         
1,49715,21.1,11.561,-273.0,22.3,-0.004                         
1,49725,21.1,11.562,-273.0,21.5,-0.004                         
1,49735,21.1,11.563,-273.0,22.3,-0.004                         
1,49745,21.1,11.564,-273.0,21.5,-0.004                         
1,49755,21.1,11.565,-273.0,22.3,-0.004                         
1,49765,21.1,11.566,-273.0,21.6,-0.004                         
1,49775,21.1,11.568,-273.0,22.3,-0.004                         
1,49785,21.1,11.569,-273.0,21.5,-0.004                         
1,49795,21.1,11.570,-273.0,22.3,-0.004                         
1,49805,21.1,11.571,-273.0,21.5,-0.004                         
1,49815,21.1,11.572,-273.0,22.3,-0.004                         
1,49825,21.1,11.573,-273.0,21.5,-0.004                         
1,49835,21.1,11.575,-273.0,22.3,-0.004                         
1,49845,21.1,11.576,-273.0,21.5,-0.004                         
1,49855,21.1,11.577,-273.0,22.3,-0.004                         
1,49865,21.1,11.578,-273.0,21.5,-0.004                         
1,49875,21.1,11.579,-273.0,22.3,-0.004                         
1,49885,21.1,11.580,-273.0,21.5,-0.004                         
1,49895,21.1,11.581,-273.0,22.3,-0.004                         
1,49905,21.1,11.582,-273.0,21.5,-0.004                         
1,49915,21.1,11.584,-273.0,22.3,-0.004                         
1,49925,21.1,11.585,-273.0,21.5,-0.004                         
1,49935,21.1,11.586,-273.0,22.3,-0.004                         
1,49945,21.1,11.587,-273.0,21.5,-0.004                         
1,49955,21.1,11.589,-273.0,22.3,-0.004                         
1,49965,21.1,11.589,-273.0,21.5,-0.004                         
1,49975,21.1,11.591,-273.0,22.3,-0.004                         
1,49985,21.1,11.592,-273.0,21.5,-0.004                         
1,49995,21.1,11.593,-273.0,22.3,-0.004                         
1,50005,21.1,11.594,-273.0,21.5,-0.004                         
1,50015,21.1,11.595,-273.0,22.3,-0.004                         
1,50025,21.1,11.596,-273.0,21.5,-0.004                         
1,50035,21.1,11.597,-273.0,22.3,-0.004                         
1,50045,21.1,11.598,-273.0,21.4,-0.004                         
1,50055,21.1,11.599,-273.0,22.3,-0.004                         
1,50065,21.1,11.601,-273.0,21.5,-0.004                         
1,50075,21.1,11.602,-273.0,22.3,-0.004                         
1,50085,21.1,11.603,-273.0,21.4,-0.004                         
1,50095,21.1,11.604,-273.0,22.3,-0.004                         
1,50105,21.1,11.605,-273.0,21.4,-0.004                         
1,50115,21.1,11.606,-273.0,22.3,-0.004                         
1,50125,21.1,11.607,-273.0,21.5,-0.004                         
1,50135,21.1,11.608,-273.0,22.3,-0.004                         
1,50145,21.1,11.609,-273.0,21.4,-0.004                         
1,50155,21.1,11.610,-273.0,22.3,-0.004                         
1,50165,21.1,11.612,-273.0,21.5,-0.004                         
1,50175,21.1,11.613,-273.0,22.3,-0.004                         
1,50185,21.1,11.614,-273.0,21.4,-0.004                         
1,50195,21.1,11.615,-273.0,22.3,-0.004                         
1,50205,21.1,11.616,-273.0,21.4,-0.004                         
1,50215,21.1,11.617,-273.0,22.3,-0.004                         
1,50225,21.1,11.618,-273.0,21.4,-0.004                         
1,50235,21.1,11.620,-273.0,22.3,-0.004                         
1,50245,21.1,11.620,-273.0,21.4,-0.004                         
1,50255,21.1,11.622,-273.0,22.3,-0.004                         
1,50265,21.1,11.623,-273.0,21.4,-0.004                         
1,50275,21.1,11.624,-273.0,22.3,-0.004                         
1,50285,21.1,11.625,-273.0,21.4,-0.004                         
1,50295,21.1,11.626,-273.0,22.3,-0.004                         
1,50305,21.1,11.627,-273.0,21.5,-0.004                         
1,50315,21.1,11.628,-273.0,22.2,-0.004                         
1,50325,21.1,11.630,-273.0,21.4,-0.004                         
1,50335,21.1,11.631,-273.0,22.3,-0.004                         
1,50345,21.1,11.632,-273.0,21.4,-0.004                         
1,50355,21.1,11.633,-273.0,22.3,-0.004                         
1,50365,21.1,11.634,-273.0,21.4,-0.004                         
1,50375,21.1,11.635,-273.0,22.3,-0.004                         
1,50385,21.1,11.636,-273.0,21.4,-0.004                         
1,50395,21.1,11.637,-273.0,22.3,-0.004                         
1,50405,21.1,11.638,-273.0,21.4,-0.004                         
1,50415,21.1,11.640,-273.0,22.3,-0.004                         
1,50425,21.1,11.641,-273.0,21.4,-0.004                         
1,50435,21.1,11.642,-273.0,22.3,-0.004                         
1,50445,21.1,11.643,-273.0,21.4,-0.004                         
1,50455,21.1,11.644,-273.0,22.2,-0.004                         
1,50465,21.1,11.645,-273.0,21.4,-0.004                         
1,50475,21.1,11.646,-273.0,22.3,-0.004                         
1,50485,21.1,11.647,-273.0,21.4,-0.004                         
1,50495,21.1,11.648,-273.0,22.2,-0.004                         
1,50505,21.1,11.650,-273.0,21.4,-0.004                         
1,50515,21.1,11.651,-273.0,22.3,-0.004                         
1,50525,21.1,11.652,-273.0,21.4,-0.004                         
1,50535,21.1,11.653,-273.0,22.3,-0.004                         
1,50545,21.1,11.654,-273.0,21.4,-0.004                         
1,50555,21.1,11.655,-273.0,22.2,-0.004                         
1,50565,21.1,11.656,-273.0,21.4,-0.004                         
1,50575,21.1,11.657,-273.0,22.3,-0.004                         
1,50585,21.1,11.658,-273.0,21.4,-0.004                         
1,50595,21.1,11.660,-273.0,22.2,-0.004                         
1,50605,21.1,11.661,-273.0,21.4,-0.004                         
1,50615,21.1,11.662,-273.0,22.2,-0.004                         
1,50625,21.1,11.663,-273.0,21.4,-0.004                         
1,50635,21.1,11.664,-273.0,22.2,-0.004                         
1,50645,21.1,11.665,-273.0,21.4,-0.004                         
1,50655,21.1,11.666,-273.0,22.2,-0.004                         
1,50665,21.1,11.667,-273.0,21.4,-0.004                         
1,50675,21.1,11.669,-273.0,22.2,-0.004                         
1,50685,21.1,11.669,-273.0,21.4,-0.004                         
1,50695,21.1,11.671,-273.0,22.2,-0.004                         
1,50705,21.1,11.672,-273.0,21.4,-0.004                         
1,50715,21.1,11.673,-273.0,22.2,-0.004                         
1,50725,21.1,11.674,-273.0,21.4,-0.004                         
1,50735,21.1,11.675,-273.0,22.2,-0.004                         
1,50745,21.1,11.676,-273.0,21.4,-0.004                         
1,50755,21.1,11.677,-273.0,22.2,-0.004                         
1,50765,21.1,11.678,-273.0,21.4,-0.004                         
1,50775,21.1,11.679,-273.0,22.2,-0.004                         
1,50785,21.1,11.680,-273.0,21.4,-0.004                         
1,50795,21.1,11.682,-273.0,22.2,-0.004                         
1,50805,21.1,11.682,-273.0,21.4,-0.004                         
1,50815,21.1,11.684,-273.0,22.2,-0.004                         
1,50825,21.1,11.684,-273.0,21.4,-0.004                         
1,50835,21.1,11.686,-273.0,22.2,-0.004                         
1,50845,21.1,11.687,-273.0,21.4,-0.004                         
1,50855,21.1,11.688,-273.0,22.2,-0.004                         
1,50865,21.1,11.689,-273.0,21.4,-0.004                         
1,50875,21.1,11.690,-273.0,22.2,-0.004                         
1,50885,21.1,11.691,-273.0,21.4,-0.004                         
1,50895,21.1,11.692,-273.0,22.2,-0.004                         
1,50905,21.1,11.693,-273.0,21.4,-0.004                         
1,50915,21.1,11.694,-273.0,22.2,-0.004                         
1,50925,21.1,11.695,-273.0,21.4,-0.004                         
1,50935,21.1,11.696,-273.0,22.2,-0.004                         
1,50945,21.1,11.697,-273.0,21.4,-0.004                         
1,50955,21.1,11.699,-273.0,22.2,-0.004                         
1,50965,21.1,11.699,-273.0,21.4,-0.004                         
1,50975,21.1,11.701,-273.0,22.2,-0.004                         
1,50985,21.1,11.702,-273.0,21.4,-0.004                         
1,50995,21.1,11.703,-273.0,22.2,-0.004                         
1,51005,21.1,11.704,-273.0,21.4,-0.004                         
1,51015,21.1,11.705,-273.0,22.1,-0.004                         
1,51025,21.1,11.706,-273.0,21.4,-0.004                         
1,51035,21.1,11.707,-273.0,22.2,-0.004                         
1,51045,21.1,11.708,-273.0,21.4,-0.004                         
1,51055,21.1,11.709,-273.0,22.2,-0.004                         
1,51065,21.1,11.710,-273.0,21.4,-0.004                         
1,51075,21.1,11.711,-273.0,22.2,-0.004                         
1,51085,21.1,11.712,-273.0,21.4,-0.004                         
1,51095,21.1,11.714,-273.0,22.2,-0.004                         
1,51105,21.1,11.714,-273.0,21.4,-0.004                         
1,51115,21.1,11.716,-273.0,22.2,-0.004                         
1,51125,21.1,11.717,-273.0,21.3,-0.004                         
1,51135,21.1,11.718,-273.0,22.2,-0.004                         
1,51145,21.1,11.719,-273.0,21.3,-0.004                         
1,51155,21.1,11.720,-273.0,22.2,-0.004                         
1,51165,21.1,11.721,-273.0,21.3,-0.004                         
1,51175,21.1,11.723,-273.0,22.2,-0.004                         
1,51185,21.1,11.723,-273.0,21.4,-0.004                         
1,51195,21.1,11.724,-273.0,22.2,-0.004                         
1,51205,21.1,11.726,-273.0,21.3,-0.004                         
1,51215,21.1,11.727,-273.0,22.2,-0.004                         
1,51225,21.1,11.728,-273.0,21.3,-0.004                         
1,51235,21.1,11.729,-273.0,22.2,-0.004                         
1,51245,21.1,11.730,-273.0,21.4,-0.004                         
1,51255,21.1,11.731,-273.0,22.2,-0.004                         
1,51265,21.1,11.732,-273.0,21.4,-0.004                         
1,51275,21.1,11.733,-273.0,22.2,-0.004                         
1,51285,21.1,11.734,-273.0,21.4,-0.004                         
1,51295,21.1,11.735,-273.0,22.2,-0.004                         
1,51305,21.1,11.736,-273.0,21.3,-0.004                         
1,51315,21.1,11.737,-273.0,22.2,-0.004                         
1,51325,21.1,11.738,-273.0,21.3,-0.004                         
1,51335,21.1,11.739,-273.0,22.2,-0.004                         
1,51345,21.1,11.740,-273.0,21.3,-0.004                         
1,51355,21.1,11.741,-273.0,22.2,-0.004                         
1,51365,21.1,11.743,-273.0,21.3,-0.004                         
1,51375,21.1,11.744,-273.0,22.2,-0.004                         
1,51385,21.1,11.745,-273.0,21.3,-0.004                         
1,51395,21.1,11.746,-273.0,22.2,-0.004                         
1,51405,21.1,11.746,-273.0,21.2,-0.004                         
1,51415,21.1,11.747,-273.0,22.2,-0.004                         
1,51425,21.1,11.749,-273.0,21.3,-0.004                         
1,51435,21.1,11.750,-273.0,22.2,-0.004                         
1,51445,21.1,11.751,-273.0,21.2,-0.004                         
1,51455,21.1,11.752,-273.0,22.2,-0.004                         
1,51465,21.1,11.753,-273.0,21.3,-0.004                         
1,51475,21.1,11.754,-273.0,22.2,-0.004                         
1,51485,21.1,11.755,-273.0,21.2,-0.004                         
1,51495,21.1,11.756,-273.0,22.2,-0.004                         
1,51505,21.1,11.757,-273.0,21.2,-0.004                         
1,51515,21.1,11.759,-273.0,22.3,-0.004                         
1,51525,21.1,11.760,-273.0,21.2,-0.004                         
1,51535,21.1,11.761,-273.0,22.2,-0.004                         
1,51545,21.1,11.762,-273.0,21.2,-0.004                         
1,51555,21.1,11.763,-273.0,22.2,-0.004                         
1,51565,21.1,11.764,-273.0,21.2,-0.004                         
1,51575,21.1,11.765,-273.0,22.3,-0.004                         
1,51585,21.1,11.766,-273.0,21.2,-0.004                         
1,51595,21.1,11.767,-273.0,22.2,-0.004                         
1,51605,21.1,11.768,-273.0,21.3,-0.004                         
1,51615,21.1,11.769,-273.0,22.2,-0.004                         
1,51625,21.1,11.770,-273.0,21.2,-0.004                         
1,51635,21.1,11.771,-273.0,22.3,-0.004                         
1,51645,21.1,11.772,-273.0,21.2,-0.004                         
1,51655,21.1,11.773,-273.0,22.3,-0.004                         
1,51665,21.1,11.774,-273.0,21.2,-0.004                         
1,51675,21.1,11.776,-273.0,22.2,-0.004                         
1,51685,21.1,11.777,-273.0,21.2,-0.004                         
1,51695,21.1,11.777,-273.0,22.2,-0.004                         
1,51705,21.1,11.779,-273.0,21.2,-0.004                         
1,51715,21.1,11.780,-273.0,22.2,-0.004                         
1,51725,21.1,11.781,-273.0,21.2,-0.004                         
1,51735,21.1,11.782,-273.0,22.2,-0.004                         
1,51745,21.1,11.783,-273.0,21.2,-0.004                         
1,51755,21.1,11.784,-273.0,22.3,-0.004                         
1,51765,21.1,11.785,-273.0,21.2,-0.004                         
1,51775,21.1,11.786,-273.0,22.3,-0.004                         
1,51785,21.1,11.787,-273.0,21.2,-0.004                         
1,51795,21.1,11.788,-273.0,22.2,-0.004                         
1,51805,21.1,11.789,-273.0,21.2,-0.004                         
1,51815,21.1,11.790,-273.0,22.3,-0.004                         
1,51825,21.1,11.791,-273.0,21.2,-0.004                         
1,51835,21.1,11.792,-273.0,22.2,-0.004                         
1,51845,21.1,11.793,-273.0,21.2,-0.004                         
1,51855,21.1,11.795,-273.0,22.2,-0.004                         
1,51865,21.1,11.796,-273.0,21.2,-0.004                         
1,51875,21.1,11.796,-273.0,22.2,-0.004                         
1,51885,21.1,11.798,-273.0,21.2,-0.004                         
1,51895,21.1,11.799,-273.0,22.3,-0.004                         
1,51905,21.1,11.800,-273.0,21.1,-0.004                         
1,51915,21.1,11.801,-273.0,22.2,-0.004                         
1,51925,21.1,11.802,-273.0,21.1,-0.004                         
1,51935,21.1,11.803,-273.0,22.3,-0.004                         
1,51945,21.1,11.804,-273.0,21.2,-0.004                         
1,51955,21.1,11.805,-273.0,22.2,-0.004                         
1,51965,21.1,11.806,-273.0,21.2,-0.004                         
1,51975,21.1,11.807,-273.0,22.3,-0.004                         
1,51985,21.1,11.808,-273.0,21.1,-0.004                         
1,51995,21.1,11.810,-273.0,22.2,-0.004                         
1,52005,21.1,11.811,-273.0,21.2,-0.004                         
1,52015,21.1,11.812,-273.0,22.3,-0.004                         
1,52025,21.1,11.813,-273.0,21.1,-0.004                         
1,52035,21.1,11.814,-273.0,22.2,-0.004                         
1,52045,21.1,11.815,-273.0,21.1,-0.004                         
1,52055,21.1,11.816,-273.0,22.2,-0.004                         
1,52065,21.1,11.818,-273.0,21.1,-0.004                         
1,52075,21.1,11.819,-273.0,22.2,-0.004                         
1,52085,21.1,11.820,-273.0,21.1,-0.004                         
1,52095,21.1,11.821,-273.0,22.2,-0.004                         
1,52105,21.1,11.822,-273.0,21.1,-0.004                         
1,52115,21.1,11.823,-273.0,22.2,-0.004                         
1,52125,21.1,11.824,-273.0,21.1,-0.004                         
1,52135,21.1,11.825,-273.0,22.2,-0.004                         
1,52145,21.1,11.826,-273.0,21.1,-0.004                         
1,52155,21.1,11.827,-273.0,22.2,-0.004                         
1,52165,21.1,11.828,-273.0,21.1,-0.004                         
1,52175,21.1,11.829,-273.0,22.3,-0.004                         
1,52185,21.1,11.830,-273.0,21.2,-0.004                         
1,52195,21.1,11.831,-273.0,22.2,-0.004                         
1,52205,21.1,11.832,-273.0,21.1,-0.004                         
1,52215,21.1,11.833,-273.0,22.2,-0.004                         
1,52225,21.1,11.834,-273.0,21.1,-0.004                         
1,52235,21.1,11.835,-273.0,22.3,-0.004                         
1,52245,21.1,11.836,-273.0,21.1,-0.004                         
1,52255,21.1,11.837,-273.0,22.2,-0.004                         
1,52265,21.1,11.838,-273.0,21.2,-0.004                         
1,52275,21.1,11.839,-273.0,22.3,-0.004                         
1,52285,21.1,11.840,-273.0,21.1,-0.004                         
1,52295,21.1,11.841,-273.0,22.3,-0.004                         
1,52305,21.1,11.843,-273.0,21.1,-0.004                         
1,52315,21.1,11.844,-273.0,22.2,-0.004                         
1,52325,21.1,11.844,-273.0,21.1,-0.004                         
1,52335,21.1,11.845,-273.0,22.2,-0.004                         
1,52345,21.1,11.846,-273.0,21.1,-0.004                         
1,52355,21.1,11.848,-273.0,22.2,-0.004                         
1,52365,21.1,11.849,-273.0,21.0,-0.004                         
1,52375,21.1,11.850,-273.0,22.2,-0.004                         
1,52385,21.1,11.851,-273.0,21.1,-0.004                         
1,52395,21.1,11.852,-273.0,22.3,-0.004                         
1,52405,21.1,11.853,-273.0,21.1,-0.004                         
1,52415,21.1,11.854,-273.0,22.3,-0.004                         
1,52425,21.1,11.855,-273.0,21.0,-0.004                         
1,52435,21.1,11.856,-273.0,22.3,-0.004                         
1,52445,21.1,11.857,-273.0,21.1,-0.004                         
1,52455,21.1,11.858,-273.0,22.2,-0.004                         
1,52465,21.1,11.859,-273.0,21.0,-0.004                         
1,52475,21.1,11.861,-273.0,22.2,-0.004                         
1,52485,21.1,11.861,-273.0,21.0,-0.004                         
1,52495,21.1,11.862,-273.0,22.2,-0.004                         
1,52505,21.1,11.864,-273.0,21.0,-0.004                         
1,52515,21.1,11.864,-273.0,22.3,-0.004                         
1,52525,21.1,11.865,-273.0,21.1,-0.004                         
1,52535,21.1,11.867,-273.0,22.2,-0.004                         
1,52545,21.1,11.868,-273.0,21.1,-0.004                         
1,52555,21.1,11.869,-273.0,22.2,-0.004                         
1,52565,21.1,11.870,-273.0,21.0,-0.004                         
1,52575,21.1,11.871,-273.0,22.2,-0.004                         
1,52585,21.1,11.872,-273.0,21.1,-0.004                         
1,52595,21.1,11.873,-273.0,22.3,-0.004                         
1,52605,21.1,11.874,-273.0,21.0,-0.004                         
1,52615,21.1,11.875,-273.0,22.2,-0.004                         
1,52625,21.1,11.876,-273.0,21.0,-0.004                         
1,52635,21.1,11.877,-273.0,22.2,-0.004                         
1,52645,21.1,11.877,-273.0,21.0,-0.004                         
1,52655,21.1,11.879,-273.0,22.2,-0.004                         
1,52665,21.1,11.880,-273.0,21.1,-0.004                         
1,52675,21.1,11.881,-273.0,22.2,-0.004                         
1,52685,21.1,11.882,-273.0,21.0,-0.004                         
1,52695,21.1,11.883,-273.0,22.3,-0.004                         
1,52705,21.1,11.884,-273.0,21.0,-0.004                         
1,52715,21.1,11.885,-273.0,22.2,-0.004                         
1,52725,21.1,11.886,-273.0,21.1,-0.004                         
1,52735,21.1,11.887,-273.0,22.2,-0.004                         
1,52745,21.1,11.888,-273.0,21.0,-0.004                         
1,52755,21.1,11.889,-273.0,22.2,-0.004                         
1,52765,21.1,11.890,-273.0,21.0,-0.004                         
1,52775,21.1,11.891,-273.0,22.2,-0.004                         
1,52785,21.1,11.892,-273.0,21.0,-0.004                         
1,52795,21.1,11.893,-273.0,22.3,-0.004                         
1,52805,21.1,11.894,-273.0,21.0,-0.004                         
1,52815,21.1,11.895,-273.0,22.3,-0.004                         
1,52825,21.1,11.896,-273.0,21.0,-0.004                         
1,52835,21.1,11.897,-273.0,22.2,-0.004                         
1,52845,21.1,11.898,-273.0,21.0,-0.004                         
1,52855,21.1,11.899,-273.0,22.2,-0.004                         
1,52865,21.1,11.900,-273.0,21.0,-0.004                         
1,52875,21.1,11.901,-273.0,22.2,-0.004                         
1,52885,21.1,11.902,-273.0,21.0,-0.004                         
1,52895,21.1,11.903,-273.0,22.3,-0.004                         
1,52905,21.1,11.904,-273.0,21.0,-0.004                         
1,52915,21.1,11.905,-273.0,22.3,-0.004                         
1,52925,21.1,11.907,-273.0,21.0,-0.004                         
1,52935,21.1,11.908,-273.0,22.2,-0.004                         
1,52945,21.1,11.908,-273.0,21.1,-0.004                         
1,52955,21.1,11.910,-273.0,22.2,-0.004                         
1,52965,21.1,11.911,-273.0,21.0,-0.004                         
1,52975,21.1,11.912,-273.0,22.2,-0.004                         
1,52985,21.1,11.913,-273.0,21.1,-0.004                         
1,52995,21.1,11.914,-273.0,22.2,-0.004                         
1,53005,21.1,11.915,-273.0,21.0,-0.004                         
1,53015,21.1,11.916,-273.0,22.2,-0.004                         
1,53025,21.1,11.917,-273.0,21.0,-0.004                         
1,53035,21.1,11.918,-273.0,22.2,-0.004                         
1,53045,21.1,11.919,-273.0,21.0,-0.004                         
1,53055,21.1,11.920,-273.0,22.2,-0.004                         
1,53065,21.1,11.921,-273.0,20.9,-0.004                         
1,53075,21.1,11.922,-273.0,22.2,-0.004                         
1,53085,21.1,11.923,-273.0,20.9,-0.004                         
1,53095,21.1,11.924,-273.0,22.2,-0.004                         
1,53105,21.1,11.925,-273.0,21.0,-0.004                         
1,53115,21.1,11.926,-273.0,22.2,-0.004                         
1,53125,21.1,11.927,-273.0,21.1,-0.004                         
1,53135,21.1,11.929,-273.0,22.2,-0.004                         
1,53145,21.1,11.929,-273.0,20.9,-0.004                         
1,53155,21.1,11.930,-273.0,22.3,-0.004                         
1,53165,21.1,11.931,-273.0,21.0,-0.004                         
1,53175,21.1,11.933,-273.0,22.2,-0.004                         
1,53185,21.1,11.934,-273.0,20.9,-0.004                         
1,53195,21.1,11.935,-273.0,22.2,-0.004                         
1,53205,21.1,11.936,-273.0,20.9,-0.004                         
1,53215,21.1,11.937,-273.0,22.3,-0.004                         
1,53225,21.1,11.938,-273.0,20.9,-0.004                         
1,53235,21.1,11.939,-273.0,22.2,-0.004                         
1,53245,21.1,11.940,-273.0,20.9,-0.004                         
1,53255,21.1,11.941,-273.0,22.2,-0.004                         
1,53265,21.1,11.942,-273.0,20.9,-0.004                         
1,53275,21.1,11.943,-273.0,22.2,-0.004                         
1,53285,21.1,11.944,-273.0,20.9,-0.004                         
1,53295,21.1,11.945,-273.0,22.2,-0.004                         
1,53305,21.1,11.946,-273.0,21.0,-0.004                         
1,53315,21.1,11.947,-273.0,22.2,-0.004                         
1,53325,21.1,11.948,-273.0,20.9,-0.004                         
1,53335,21.1,11.949,-273.0,22.2,-0.004                         
1,53345,21.1,11.950,-273.0,21.0,-0.004                         
1,53355,21.1,11.951,-273.0,22.3,-0.004                         
1,53365,21.1,11.952,-273.0,20.9,-0.004                         
1,53375,21.1,11.953,-273.0,22.2,-0.004                         
1,53385,21.1,11.954,-273.0,20.9,-0.004                         
1,53395,21.1,11.955,-273.0,22.2,-0.004                         
1,53405,21.1,11.956,-273.0,20.9,-0.004                         
1,53415,21.1,11.958,-273.0,22.2,-0.004                         
1,53425,21.1,11.958,-273.0,20.9,-0.004                         
1,53435,21.1,11.959,-273.0,22.3,-0.004                         
1,53445,21.1,11.960,-273.0,20.9,-0.004                         
1,53455,21.1,11.962,-273.0,22.3,-0.004                         
1,53465,21.1,11.962,-273.0,20.9,-0.004                         
1,53475,21.1,11.964,-273.0,22.2,-0.004                         
1,53485,21.1,11.964,-273.0,20.9,-0.004                         
1,53495,21.1,11.966,-273.0,22.3,-0.004                         
1,53505,21.1,11.966,-273.0,20.9,-0.004                         
1,53515,21.1,11.967,-273.0,22.2,-0.004                         
1,53525,21.1,11.969,-273.0,21.0,-0.004                         
1,53535,21.1,11.970,-273.0,22.2,-0.004                         
1,53545,21.1,11.971,-273.0,20.9,-0.004                         
1,53555,21.1,11.971,-273.0,22.2,-0.004                         
1,53565,21.1,11.973,-273.0,21.0,-0.004                         
1,53575,21.1,11.974,-273.0,22.3,-0.004                         
1,53585,21.1,11.975,-273.0,20.9,-0.004                         
1,53595,21.1,11.976,-273.0,22.3,-0.004                         
1,53605,21.1,11.977,-273.0,20.8,-0.004                         
1,53615,21.1,11.978,-273.0,22.2,-0.004                         
1,53625,21.1,11.979,-273.0,20.9,-0.004                         
1,53635,21.1,11.980,-273.0,22.2,-0.004                         
1,53645,21.1,11.981,-273.0,20.9,-0.004                         
1,53655,21.1,11.982,-273.0,22.2,-0.004                         
1,53665,21.1,11.983,-273.0,20.8,-0.004                         
1,53675,21.1,11.984,-273.0,22.2,-0.004                         
1,53685,21.1,11.985,-273.0,20.9,-0.004                         
1,53695,21.1,11.986,-273.0,22.2,-0.004                         
1,53705,21.1,11.987,-273.0,20.9,-0.004                         
1,53715,21.1,11.989,-273.0,22.3,-0.004                         
1,53725,21.1,11.990,-273.0,20.8,-0.004                         
1,53735,21.1,11.990,-273.0,22.3,-0.004                         
1,53745,21.1,11.992,-273.0,20.9,-0.004                         
1,53755,21.1,11.993,-273.0,22.3,-0.004                         
1,53765,21.1,11.993,-273.0,20.8,-0.004                         
1,53775,21.1,11.994,-273.0,22.2,-0.004                         
1,53785,21.1,11.995,-273.0,20.9,-0.004                         
1,53795,21.1,11.996,-273.0,22.2,-0.004                         
1,53805,21.1,11.998,-273.0,20.9,-0.004                         
1,53815,21.1,11.998,-273.0,22.3,-0.004                         
1,53825,21.1,11.999,-273.0,20.8,-0.004                         
1,53835,21.1,12.001,-273.0,22.2,-0.004                         
1,53845,21.1,12.001,-273.0,20.8,-0.004                         
1,53855,21.1,12.002,-273.0,22.2,-0.004                         
1,53865,21.1,12.003,-273.0,20.9,-0.004                         
1,53875,21.1,12.004,-273.0,22.3,-0.004                         
1,53885,21.1,12.006,-273.0,20.9,-0.004                         
1,53895,21.1,12.006,-273.0,22.2,-0.004                         
1,53905,21.1,12.007,-273.0,20.8,-0.004                         
1,53915,21.1,12.009,-273.0,22.2,-0.004                         
1,53925,21.1,12.010,-273.0,20.8,-0.004                         
1,53935,21.1,12.010,-273.0,22.2,-0.004                         
1,53945,21.1,12.011,-273.0,20.8,-0.004                         
1,53955,21.1,12.013,-273.0,22.3,-0.004                         
1,53965,21.1,12.014,-273.0,20.9,-0.004                         
1,53975,21.1,12.014,-273.0,22.2,-0.004                         
1,53985,21.1,12.016,-273.0,20.8,-0.004                         
1,53995,21.1,12.017,-273.0,22.2,-0.004                         
1,54005,21.1,12.018,-273.0,20.8,-0.004                         
1,54015,21.1,12.019,-273.0,22.2,-0.004                         
1,54025,21.1,12.020,-273.0,20.9,-0.004                         
1,54035,21.1,12.021,-273.0,22.2,-0.004                         
1,54045,21.1,12.021,-273.0,20.8,-0.004                         
1,54055,21.1,12.023,-273.0,22.2,-0.004                         
1,54065,21.1,12.023,-273.0,20.8,-0.004                         
1,54075,21.1,12.025,-273.0,22.2,-0.004                         
1,54085,21.1,12.026,-273.0,20.8,-0.004                         
1,54095,21.1,12.027,-273.0,22.2,-0.004                         
1,54105,21.1,12.028,-273.0,20.9,-0.004                         
1,54115,21.1,12.029,-273.0,22.3,-0.004                         
1,54125,21.1,12.030,-273.0,20.8,-0.004                         
1,54135,21.1,12.031,-273.0,22.2,-0.004                         
1,54145,21.1,12.032,-273.0,20.8,-0.004                         
1,54155,21.1,12.033,-273.0,22.2,-0.004                         
1,54165,21.1,12.033,-273.0,20.8,-0.004                         
1,54175,21.1,12.034,-273.0,22.2,-0.004                         
1,54185,21.1,12.036,-273.0,20.8,-0.004                         
1,54195,21.1,12.037,-273.0,22.2,-0.004                         
1,54205,21.1,12.038,-273.0,20.8,-0.004                         
1,54215,21.1,12.038,-273.0,22.3,-0.004                         
1,54225,21.1,12.039,-273.0,20.8,-0.004                         
1,54235,21.1,12.041,-273.0,22.2,-0.004                         
1,54245,21.1,12.042,-273.0,20.8,-0.004                         
1,54255,21.1,12.043,-273.0,22.2,-0.004                         
1,54265,21.1,12.044,-273.0,20.8,-0.004                         
1,54275,21.1,12.045,-273.0,22.2,-0.004                         
1,54285,21.1,12.046,-273.0,20.9,-0.004                         
1,54295,21.1,12.046,-273.0,22.2,-0.004                         
1,54305,21.1,12.047,-273.0,20.8,-0.004                         
1,54315,21.1,12.048,-273.0,22.2,-0.004                         
1,54325,21.1,12.049,-273.0,20.8,-0.004                         
1,54335,21.1,12.050,-273.0,22.2,-0.004                         
1,54345,21.1,12.052,-273.0,20.8,-0.004                         
1,54355,21.1,12.053,-273.0,22.2,-0.004                         
1,54365,21.1,12.054,-273.0,20.8,-0.004                         
1,54375,21.1,12.054,-273.0,22.2,-0.004                         
1,54385,21.1,12.056,-273.0,20.8,-0.004                         
1,54395,21.1,12.057,-273.0,22.2,-0.004                         
1,54405,21.1,12.058,-273.0,20.8,-0.004                         
1,54415,21.1,12.059,-273.0,22.2,-0.004                         
1,54425,21.1,12.059,-273.0,20.9,-0.004                         
1,54435,21.1,12.061,-273.0,22.2,-0.004                         
1,54445,21.1,12.062,-273.0,20.8,-0.004                         
1,54455,21.1,12.063,-273.0,22.3,-0.004                         
1,54465,21.1,12.063,-273.0,20.8,-0.004                         
1,54475,21.1,12.064,-273.0,22.3,-0.004                         
1,54485,21.1,12.065,-273.0,20.8,-0.004                         
1,54495,21.1,12.066,-273.0,22.2,-0.004                         
1,54505,21.1,12.067,-273.0,20.8,-0.004                         
1,54515,21.1,12.069,-273.0,22.2,-0.004                         
1,54525,21.1,12.069,-273.0,20.8,-0.004                         
1,54535,21.1,12.070,-273.0,22.2,-0.004                         
1,54545,21.1,12.072,-273.0,20.8,-0.004                         
1,54555,21.1,12.073,-273.0,22.2,-0.004                         
1,54565,21.1,12.074,-273.0,20.8,-0.004                         
1,54575,21.1,12.075,-273.0,22.2,-0.004                         
1,54585,21.1,12.075,-273.0,20.8,-0.004                         
1,54595,21.1,12.077,-273.0,22.2,-0.004                         
1,54605,21.1,12.078,-273.0,20.8,-0.004                         
1,54615,21.1,12.079,-273.0,22.2,-0.004                         
1,54625,21.1,12.080,-273.0,20.8,-0.004                         
1,54635,21.1,12.081,-273.0,22.2,-0.004                         
1,54645,21.1,12.082,-273.0,20.7,-0.004                         
1,54655,21.1,12.083,-273.0,22.2,-0.004                         
1,54665,21.1,12.084,-273.0,20.8,-0.004                         
1,54675,21.1,12.085,-273.0,22.2,-0.004                         
1,54685,21.1,12.086,-273.0,20.9,-0.004                         
1,54695,21.1,12.087,-273.0,22.2,-0.004                         
1,54705,21.1,12.088,-273.0,20.8,-0.004                         
1,54715,21.1,12.089,-273.0,22.2,-0.004                         
1,54725,21.1,12.089,-273.0,20.7,-0.004                         
1,54735,21.1,12.091,-273.0,22.2,-0.004                         
1,54745,21.1,12.092,-273.0,20.8,-0.004                         
1,54755,21.1,12.093,-273.0,22.2,-0.004                         
1,54765,21.1,12.093,-273.0,20.7,-0.004                         
1,54775,21.1,12.095,-273.0,22.2,-0.004                         
1,54785,21.1,12.096,-273.0,20.8,-0.004                         
1,54795,21.1,12.097,-273.0,22.2,-0.004                         
1,54805,21.1,12.098,-273.0,20.8,-0.004                         
1,54815,21.1,12.099,-273.0,22.2,-0.004                         
1,54825,21.1,12.100,-273.0,20.9,-0.004                         
1,54835,21.1,12.101,-273.0,22.2,-0.004                         
1,54845,21.1,12.102,-273.0,20.8,-0.004                         
1,54855,21.1,12.103,-273.0,22.2,-0.004                         
1,54865,21.1,12.104,-273.0,20.8,-0.004                         
1,54875,21.1,12.105,-273.0,22.2,-0.004                         
1,54885,21.1,12.106,-273.0,20.8,-0.004                         
1,54895,21.1,12.106,-273.0,22.2,-0.004                         
1,54905,21.1,12.107,-273.0,20.7,-0.004                         
1,54915,21.1,12.109,-273.0,22.2,-0.004                         
1,54925,21.1,12.109,-273.0,20.7,-0.004                         
1,54935,21.1,12.111,-273.0,22.2,-0.004                         
1,54945,21.1,12.111,-273.0,20.7,-0.004                         
1,54955,21.1,12.112,-273.0,22.2,-0.004                         
1,54965,21.1,12.114,-273.0,20.8,-0.004                         
1,54975,21.1,12.114,-273.0,22.2,-0.004                         
1,54985,21.1,12.115,-273.0,20.8,-0.004                         
1,54995,21.1,12.116,-273.0,22.2,-0.004                         
1,55005,21.1,12.117,-273.0,20.8,-0.004                         
1,55015,21.1,12.118,-273.0,22.2,-0.004                         
1,55025,21.1,12.119,-273.0,20.7,-0.004                         
1,55035,21.1,12.120,-273.0,22.2,-0.004                         
1,55045,21.1,12.121,-273.0,20.7,-0.004                         
1,55055,21.1,12.122,-273.0,22.2,-0.004                         
1,55065,21.1,12.123,-273.0,20.7,-0.004                         
1,55075,21.1,12.124,-273.0,22.2,-0.004                         
1,55085,21.1,12.125,-273.0,20.7,-0.004                         
1,55095,21.1,12.126,-273.0,22.2,-0.004                         
1,55105,21.1,12.127,-273.0,20.8,-0.004                         
1,55115,21.1,12.128,-273.0,22.2,-0.004                         
1,55125,21.1,12.129,-273.0,20.7,-0.004                         
1,55135,21.1,12.130,-273.0,22.2,-0.004                         
1,55145,21.1,12.131,-273.0,20.8,-0.004                         
1,55155,21.1,12.132,-273.0,22.2,-0.004                         
1,55165,21.1,12.133,-273.0,20.7,-0.004                         
1,55175,21.1,12.134,-273.0,22.2,-0.004                         
1,55185,21.1,12.135,-273.0,20.7,-0.004                         
1,55195,21.1,12.136,-273.0,22.2,-0.004                         
1,55205,21.1,12.137,-273.0,20.8,-0.004                         
1,55215,21.1,12.138,-273.0,22.2,-0.004                         
1,55225,21.1,12.138,-273.0,20.8,-0.004                         
1,55235,21.1,12.140,-273.0,22.2,-0.004                         
1,55245,21.1,12.140,-273.0,20.7,-0.004                         
1,55255,21.1,12.141,-273.0,22.2,-0.004                         
1,55265,21.1,12.142,-273.0,20.7,-0.004                         
1,55275,21.1,12.143,-273.0,22.2,-0.004                         
1,55285,21.1,12.144,-273.0,20.7,-0.004                         
1,55295,21.1,12.145,-273.0,22.2,-0.004                         
1,55305,21.1,12.146,-273.0,20.7,-0.004                         
1,55315,21.1,12.147,-273.0,22.2,-0.004                         
1,55325,21.1,12.148,-273.0,20.7,-0.004                         
1,55335,21.1,12.149,-273.0,22.2,-0.004                         
1,55345,21.1,12.150,-273.0,20.7,-0.004                         
1,55355,21.1,12.151,-273.0,22.2,-0.004                         
1,55365,21.1,12.151,-273.0,20.8,-0.004                         
1,55375,21.1,12.152,-273.0,22.2,-0.004                         
1,55385,21.1,12.154,-273.0,20.7,-0.004                         
1,55395,21.1,12.155,-273.0,22.2,-0.004                         
1,55405,21.1,12.155,-273.0,20.7,-0.004                         
1,55415,21.1,12.156,-273.0,22.2,-0.004                         
1,55425,21.1,12.157,-273.0,20.7,-0.004                         
1,55435,21.1,12.158,-273.0,22.2,-0.004                         
1,55445,21.1,12.160,-273.0,20.7,-0.004                         
1,55455,21.1,12.160,-273.0,22.2,-0.004                         
1,55465,21.1,12.161,-273.0,20.7,-0.004                         
1,55475,21.1,12.162,-273.0,22.2,-0.004                         
1,55485,21.1,12.163,-273.0,20.7,-0.004                         
1,55495,21.1,12.164,-273.0,22.2,-0.004                         
1,55505,21.1,12.165,-273.0,20.7,-0.004                         
1,55515,21.1,12.166,-273.0,22.2,-0.004                         
1,55525,21.1,12.167,-273.0,20.7,-0.004                         
1,55535,21.1,12.168,-273.0,22.2,-0.004                         
1,55545,21.1,12.169,-273.0,20.8,-0.004                         
1,55555,21.1,12.170,-273.0,22.2,-0.004                         
1,55565,21.1,12.171,-273.0,20.7,-0.004                         
1,55575,21.1,12.172,-273.0,22.1,-0.004                         
1,55585,21.1,12.173,-273.0,20.7,-0.004                         
1,55595,21.1,12.174,-273.0,22.2,-0.004                         
1,55605,21.1,12.175,-273.0,20.7,-0.004                         
1,55615,21.1,12.176,-273.0,22.2,-0.004                         
1,55625,21.1,12.177,-273.0,20.7,-0.004                         
1,55635,21.1,12.178,-273.0,22.2,-0.004                         
1,55645,21.1,12.179,-273.0,20.7,-0.004                         
1,55655,21.1,12.180,-273.0,22.1,-0.004                         
1,55665,21.1,12.180,-273.0,20.7,-0.004                         
1,55675,21.1,12.181,-273.0,22.2,-0.004                         
1,55685,21.1,12.182,-273.0,20.7,-0.004                         
1,55695,21.1,12.183,-273.0,22.2,-0.004                         
1,55705,21.1,12.184,-273.0,20.7,-0.004                         
1,55715,21.1,12.185,-273.0,22.2,-0.004                         
1,55725,21.1,12.186,-273.0,20.7,-0.004                         
1,55735,21.1,12.187,-273.0,22.1,-0.004                         
1,55745,21.1,12.188,-273.0,20.7,-0.004                         
1,55755,21.1,12.189,-273.0,22.1,-0.004                         
1,55765,21.1,12.190,-273.0,20.6,-0.004                         
1,55775,21.1,12.191,-273.0,22.1,-0.004                         
1,55785,21.1,12.192,-273.0,20.7,-0.004                         
1,55795,21.1,12.193,-273.0,22.1,-0.004                         
1,55805,21.1,12.194,-273.0,20.7,-0.004                         
1,55815,21.1,12.195,-273.0,22.1,-0.004                         
1,55825,21.1,12.196,-273.0,20.7,-0.004                         
1,55835,21.1,12.197,-273.0,22.2,-0.004                         
1,55845,21.1,12.198,-273.0,20.7,-0.004                         
1,55855,21.1,12.199,-273.0,22.1,-0.004                         
1,55865,21.1,12.200,-273.0,20.7,-0.004                         
1,55875,21.1,12.201,-273.0,22.1,-0.004                         
1,55885,21.1,12.201,-273.0,20.7,-0.004                         
1,55895,21.1,12.202,-273.0,22.1,-0.004                         
1,55905,21.1,12.203,-273.0,20.8,-0.004                         
1,55915,21.1,12.204,-273.0,22.1,-0.004                         
1,55925,21.1,12.205,-273.0,20.7,-0.004                         
1,55935,21.1,12.206,-273.0,22.1,-0.004                         
1,55945,21.1,12.207,-273.0,20.7,-0.004                         
1,55955,21.1,12.208,-273.0,22.1,-0.004                         
1,55965,21.1,12.208,-273.0,20.6,-0.004                         
1,55975,21.1,12.209,-273.0,22.1,-0.004                         
1,55985,21.1,12.211,-273.0,20.7,-0.004                         
1,55995,21.1,12.212,-273.0,22.1,-0.004                         
1,56005,21.1,12.212,-273.0,20.7,-0.004                         
1,56015,21.1,12.214,-273.0,22.1,-0.004                         
1,56025,21.1,12.214,-273.0,20.7,-0.004                         
1,56035,21.1,12.215,-273.0,22.1,-0.004                         
1,56045,21.1,12.216,-273.0,20.8,-0.004                         
1,56055,21.1,12.217,-273.0,22.2,-0.004                         
1,56065,21.1,12.218,-273.0,20.6,-0.004                         
1,56075,21.1,12.219,-273.0,22.1,-0.004                         
1,56085,21.1,12.220,-273.0,20.6,-0.004                         
1,56095,21.1,12.221,-273.0,22.1,-0.004                         
1,56105,21.1,12.222,-273.0,20.7,-0.004                         
1,56115,21.1,12.223,-273.0,22.1,-0.004                         
1,56125,21.1,12.224,-273.0,20.7,-0.004                         
1,56135,21.1,12.225,-273.0,22.1,-0.004                         
1,56145,21.1,12.226,-273.0,20.6,-0.004                         
1,56155,21.1,12.227,-273.0,22.1,-0.004                         
1,56165,21.1,12.228,-273.0,20.7,-0.004                         
1,56175,21.1,12.229,-273.0,22.1,-0.004                         
1,56185,21.1,12.230,-273.0,20.6,-0.004                         
1,56195,21.1,12.231,-273.0,22.1,-0.004                         
1,56205,21.1,12.231,-273.0,20.6,-0.004                         
1,56215,21.1,12.233,-273.0,22.1,-0.004                         
1,56225,21.1,12.233,-273.0,20.7,-0.004                         
1,56235,21.1,12.234,-273.0,22.1,-0.004                         
1,56245,21.1,12.235,-273.0,20.7,-0.004                         
1,56255,21.1,12.236,-273.0,22.1,-0.004                         
1,56265,21.1,12.237,-273.0,20.7,-0.004                         
1,56275,21.1,12.238,-273.0,22.1,-0.004                         
1,56285,21.1,12.239,-273.0,20.7,-0.004                         
1,56295,21.1,12.240,-273.0,22.1,-0.004                         
1,56305,21.1,12.241,-273.0,20.6,-0.004                         
1,56315,21.1,12.242,-273.0,22.1,-0.004                         
1,56325,21.1,12.243,-273.0,20.6,-0.004                         
1,56335,21.1,12.243,-273.0,22.1,-0.004                         
1,56345,21.1,12.245,-273.0,20.6,-0.004                         
1,56355,21.1,12.245,-273.0,22.1,-0.004                         
1,56365,21.1,12.246,-273.0,20.7,-0.004                         
1,56375,21.1,12.247,-273.0,22.1,-0.004                         
1,56385,21.1,12.249,-273.0,20.7,-0.004                         
1,56395,21.1,12.249,-273.0,22.1,-0.004                         
1,56405,21.1,12.250,-273.0,20.6,-0.004                         
1,56415,21.1,12.251,-273.0,22.1,-0.004                         
1,56425,21.1,12.252,-273.0,20.7,-0.004                         
1,56435,21.1,12.253,-273.0,22.1,-0.004                         
1,56445,21.1,12.253,-273.0,20.7,-0.004                         
1,56455,21.1,12.255,-273.0,22.1,-0.004                         
1,56465,21.1,12.255,-273.0,20.6,-0.004                         
1,56475,21.1,12.256,-273.0,22.1,-0.004                         
1,56485,21.1,12.257,-273.0,20.7,-0.004                         
1,56495,21.1,12.258,-273.0,22.1,-0.004                         
1,56505,21.1,12.259,-273.0,20.6,-0.004                         
1,56515,21.1,12.260,-273.0,22.1,-0.004                         
1,56525,21.1,12.261,-273.0,20.6,-0.004                         
1,56535,21.1,12.262,-273.0,22.1,-0.004                         
1,56545,21.1,12.263,-273.0,20.7,-0.004                         
1,56555,21.1,12.264,-273.0,22.1,-0.004                         
1,56565,21.1,12.265,-273.0,20.6,-0.004                         
1,56575,21.1,12.266,-273.0,22.1,-0.004                         
1,56585,21.1,12.267,-273.0,20.6,-0.004                         
1,56595,21.1,12.267,-273.0,22.1,-0.004                         
1,56605,21.1,12.268,-273.0,20.6,-0.004                         
1,56615,21.1,12.269,-273.0,22.1,-0.004                         
1,56625,21.1,12.270,-273.0,20.7,-0.004                         
1,56635,21.1,12.271,-273.0,22.1,-0.004                         
1,56645,21.1,12.272,-273.0,20.6,-0.004                         
1,56655,21.1,12.273,-273.0,22.1,-0.004                         
1,56665,21.1,12.274,-273.0,20.6,-0.004                         
1,56675,21.1,12.275,-273.0,22.1,-0.004                         
1,56685,21.1,12.276,-273.0,20.6,-0.004                         
1,56695,21.1,12.276,-273.0,22.1,-0.004                         
1,56705,21.1,12.277,-273.0,20.6,-0.004                         
1,56715,21.1,12.278,-273.0,22.1,-0.004                         
1,56725,21.1,12.279,-273.0,20.6,-0.004                         
1,56735,21.1,12.280,-273.0,22.1,-0.004                         
1,56745,21.1,12.281,-273.0,20.7,-0.004                         
1,56755,21.1,12.282,-273.0,22.0,-0.004                         
1,56765,21.1,12.283,-273.0,20.8,-0.004                         
1,56775,21.1,12.284,-273.0,22.1,-0.004                         
1,56785,21.1,12.285,-273.0,20.6,-0.004                         
1,56795,21.1,12.286,-273.0,22.1,-0.004                         
1,56805,21.1,12.287,-273.0,20.7,-0.004                         
1,56815,21.1,12.288,-273.0,22.1,-0.004                         
1,56825,21.1,12.289,-273.0,20.6,-0.004                         
1,56835,21.1,12.290,-273.0,22.1,-0.004                         
1,56845,21.1,12.290,-273.0,20.7,-0.004                         
1,56855,21.1,12.291,-273.0,22.1,-0.004                         
1,56865,21.1,12.292,-273.0,20.6,-0.004                         
1,56875,21.1,12.293,-273.0,22.0,-0.004                         
1,56885,21.1,12.294,-273.0,20.6,-0.004                         
1,56895,21.1,12.295,-273.0,22.1,-0.004                         
1,56905,21.1,12.296,-273.0,20.7,-0.004                         
1,56915,21.1,12.297,-273.0,22.1,-0.004                         
1,56925,21.1,12.298,-273.0,20.6,-0.004                         
1,56935,21.1,12.299,-273.0,22.0,-0.004                         
1,56945,21.1,12.300,-273.0,20.6,-0.004                         
1,56955,21.1,12.301,-273.0,22.1,-0.004                         
1,56965,21.1,12.302,-273.0,20.6,-0.004                         
1,56975,21.1,12.302,-273.0,22.0,-0.004                         
1,56985,21.1,12.303,-273.0,20.6,-0.004                         
1,56995,21.1,12.304,-273.0,22.1,-0.004                         
1,57005,21.1,12.305,-273.0,20.6,-0.004                         
1,57015,21.1,12.306,-273.0,22.0,-0.004                         
255,-1,-0.0,-0.000,-0.0,-0.0,-0.000                            
255,-1,-0.0,-0.000,-0.0,-0.0,-0.000                            
255,-1,-0.0,-0.000,-0.0,-0.0,-0.000                            
255,-1,-0.0,-0.000,-0.0,-0.0,-0.000                            
255,-1,-0.0,-0.000,-0.0,-0.0,-0.000                            
255,-1,-0.0,-0.000,-0.0,-0.0,-0.000                            
255,-1,-0.0,-0.000,-0.0,-0.0,-0.000                            
1,1399,21.1,9.645,-273.0,20.7,-0.004                           
1,1409,21.1,9.653,-273.0,21.3,-0.004                           
1,1419,21.1,9.656,-273.0,20.7,-0.004                           
1,1429,21.1,9.657,-273.0,21.3,-0.004                           
1,1439,21.1,9.659,-273.0,20.7,-0.004                           
1,1449,21.1,9.661,-273.0,21.3,-0.004                           
1,1459,21.1,9.662,-273.0,20.7,-0.004                           
1,1469,21.1,9.664,-273.0,21.3,-0.004                           
1,1479,21.1,9.666,-273.0,20.7,-0.004                           
1,1489,21.1,9.668,-273.0,21.2,-0.004                           
1,1499,21.1,9.669,-273.0,20.7,-0.004                           
1,1509,21.1,9.671,-273.0,21.3,-0.004                           
1,1519,21.1,9.673,-273.0,20.7,-0.004                           
1,1529,21.1,9.674,-273.0,21.3,-0.004                           
1,1539,21.1,9.676,-273.0,20.7,-0.004                           
1,1549,21.1,9.678,-273.0,21.3,-0.004                           
1,1559,21.1,9.680,-273.0,20.7,-0.004                           
1,1569,21.1,9.681,-273.0,21.3,-0.004                           
1,1579,21.1,9.683,-273.0,20.7,-0.004                           
1,1589,21.1,9.685,-273.0,21.3,-0.004                           
1,1599,21.1,9.686,-273.0,20.7,-0.004                           
1,1609,21.1,9.688,-273.0,21.3,-0.004                           
1,1619,21.1,9.690,-273.0,20.7,-0.004                           
1,1629,21.1,9.692,-273.0,21.3,-0.004                           
1,1639,21.1,9.693,-273.0,20.7,-0.004                           
1,1649,21.1,9.695,-273.0,21.3,-0.004                           
1,1659,21.1,9.696,-273.0,20.7,-0.004                           
1,1669,21.1,9.699,-273.0,21.3,-0.004                           
1,1679,21.1,9.700,-273.0,20.7,-0.004                           
1,1689,21.1,9.702,-273.0,21.3,-0.004                           
1,1699,21.1,9.703,-273.0,20.7,-0.004                           
1,1709,21.1,9.705,-273.0,21.3,-0.004                           
1,1719,21.1,9.707,-273.0,20.7,-0.004                           
1,1729,21.1,9.709,-273.0,21.2,-0.004                           
1,1739,21.1,9.710,-273.0,20.7,-0.004                           
1,1749,21.1,9.712,-273.0,21.2,-0.004                           
1,1759,21.1,9.714,-273.0,20.7,-0.004                           
1,1769,21.1,9.716,-273.0,21.3,-0.004                           
1,1779,21.1,9.717,-273.0,20.7,-0.004                           
1,1789,21.1,9.719,-273.0,21.3,-0.004                           
1,1799,21.1,9.721,-273.0,20.7,-0.004                           
1,1809,21.1,9.723,-273.0,21.3,-0.004                           
1,1819,21.1,9.724,-273.0,20.7,-0.004                           
1,1829,21.1,9.727,-273.0,21.3,-0.004                           
1,1839,21.1,9.728,-273.0,20.7,-0.004                           
1,1849,21.1,9.730,-273.0,21.3,-0.004                           
1,1859,21.1,9.731,-273.0,20.7,-0.004                           
1,1869,21.1,9.733,-273.0,21.3,-0.004                           
1,1879,21.1,9.735,-273.0,20.7,-0.004                           
1,1889,21.1,9.736,-273.0,21.3,-0.004                           
1,1899,21.1,9.738,-273.0,20.7,-0.004                           
1,1909,21.1,9.740,-273.0,21.3,-0.004                           
1,1919,21.1,9.742,-273.0,20.7,-0.004                           
1,1929,21.1,9.744,-273.0,21.3,-0.004                           
1,1939,21.1,9.745,-273.0,20.7,-0.004                           
1,1949,21.1,9.747,-273.0,21.3,-0.004                           
1,1959,21.1,9.748,-273.0,20.7,-0.004                           
1,1969,21.1,9.751,-273.0,21.3,-0.004                           
1,1979,21.1,9.752,-273.0,20.7,-0.004                           
1,1989,21.1,9.754,-273.0,21.3,-0.004                           
1,1999,21.1,9.755,-273.0,20.7,-0.004                           
1,2009,21.1,9.757,-273.0,21.3,-0.004                           
1,2019,21.1,9.758,-273.0,20.7,-0.004                           
1,2029,21.1,9.761,-273.0,21.3,-0.004                           
1,2039,21.1,9.763,-273.0,20.7,-0.004                           
1,2049,21.1,9.764,-273.0,21.3,-0.004                           
1,2059,21.1,9.765,-273.0,20.7,-0.004                           
1,2069,21.1,9.768,-273.0,21.3,-0.004                           
1,2079,21.1,9.769,-273.0,20.7,-0.004                           
1,2089,21.1,9.771,-273.0,21.2,-0.004                           
1,2099,21.1,9.772,-273.0,20.7,-0.004                           
1,2109,21.1,9.774,-273.0,21.3,-0.004                           
1,2119,21.1,9.775,-273.0,20.8,-0.004                           
1,2129,21.1,9.777,-273.0,21.3,-0.004                           
1,2139,21.1,9.779,-273.0,20.7,-0.004                           
1,2149,21.1,9.781,-273.0,21.3,-0.004                           
1,2159,21.1,9.783,-273.0,20.7,-0.004                           
1,2169,21.1,9.784,-273.0,21.3,-0.004                           
1,2179,21.1,9.786,-273.0,20.7,-0.004                           
1,2189,21.1,9.787,-273.0,21.3,-0.004                           
1,2199,21.1,9.789,-273.0,20.7,-0.004                           
1,2209,21.1,9.791,-273.0,21.3,-0.004                           
1,2219,21.1,9.793,-273.0,20.7,-0.004                           
1,2229,21.1,9.794,-273.0,21.3,-0.004                           
1,2239,21.1,9.796,-273.0,20.7,-0.004                           
1,2249,21.1,9.798,-273.0,21.3,-0.004                           
1,2259,21.1,9.799,-273.0,20.7,-0.004                           
1,2269,21.1,9.801,-273.0,21.3,-0.004                           
1,2279,21.1,9.803,-273.0,20.7,-0.004                           
1,2289,21.1,9.805,-273.0,21.3,-0.004                           
1,2299,21.1,9.806,-273.0,20.7,-0.004                           
1,2309,21.1,9.808,-273.0,21.3,-0.004                           
1,2319,21.1,9.809,-273.0,20.7,-0.004                           
1,2329,21.1,9.811,-273.0,21.2,-0.004                           
1,2339,21.1,9.813,-273.0,20.7,-0.004                           
1,2349,21.1,9.815,-273.0,21.3,-0.004                           
1,2359,21.1,9.816,-273.0,20.7,-0.004                           
1,2369,21.1,9.818,-273.0,21.2,-0.004                           
1,2379,21.1,9.820,-273.0,20.7,-0.004                           
1,2389,21.1,9.821,-273.0,21.3,-0.004                           
1,2399,21.1,9.823,-273.0,20.7,-0.004                           
1,2409,21.1,9.825,-273.0,21.3,-0.004                           
1,2419,21.1,9.827,-273.0,20.7,-0.004                           
1,2429,21.1,9.828,-273.0,21.3,-0.004                           
1,2439,21.1,9.830,-273.0,20.7,-0.004                           
1,2449,21.1,9.832,-273.0,21.3,-0.004                           
1,2459,21.1,9.833,-273.0,20.8,-0.004                           
1,2469,21.1,9.835,-273.0,21.3,-0.004                           
1,2479,21.1,9.837,-273.0,20.7,-0.004                           
1,2489,21.1,9.838,-273.0,21.3,-0.004                           
1,2499,21.1,9.840,-273.0,20.7,-0.004                           
1,2509,21.1,9.842,-273.0,21.3,-0.004                           
1,2519,21.1,9.843,-273.0,20.7,-0.004                           
1,2529,21.1,9.845,-273.0,21.3,-0.004                           
1,2539,21.1,9.847,-273.0,20.7,-0.004                           
1,2549,21.1,9.848,-273.0,21.3,-0.004                           
1,2559,21.1,9.850,-273.0,20.7,-0.004                           
1,2569,21.1,9.852,-273.0,21.3,-0.004                           
1,2579,21.1,9.853,-273.0,20.7,-0.004                           
1,2589,21.1,9.855,-273.0,21.3,-0.004                           
1,2599,21.1,9.856,-273.0,20.7,-0.004                           
1,2609,21.1,9.858,-273.0,21.2,-0.004                           
1,2619,21.1,9.860,-273.0,20.8,-0.004                           
1,2629,21.1,9.861,-273.0,21.3,-0.004                           
1,2639,21.1,9.863,-273.0,20.7,-0.004                           
1,2649,21.1,9.865,-273.0,21.3,-0.004                           
1,2659,21.1,9.866,-273.0,20.7,-0.004                           
1,2669,21.1,9.868,-273.0,21.3,-0.004                           
1,2679,21.1,9.869,-273.0,20.7,-0.004                           
1,2689,21.1,9.871,-273.0,21.3,-0.004                           
1,2699,21.1,9.873,-273.0,20.7,-0.004                           
1,2709,21.1,9.874,-273.0,21.3,-0.004                           
1,2719,21.1,9.876,-273.0,20.7,-0.004                           
1,2729,21.1,9.878,-273.0,21.3,-0.004                           
1,2739,21.1,9.879,-273.0,20.7,-0.004                           
1,2749,21.1,9.881,-273.0,21.3,-0.004                           
1,2759,21.1,9.882,-273.0,20.7,-0.004                           
1,2769,21.1,9.884,-273.0,21.2,-0.004                           
1,2779,21.1,9.886,-273.0,20.7,-0.004                           
1,2789,21.1,9.887,-273.0,21.2,-0.004                           
1,2799,21.1,9.889,-273.0,20.7,-0.004                           
1,2809,21.1,9.891,-273.0,21.3,-0.004                           
1,2819,21.1,9.892,-273.0,20.7,-0.004                           
1,2829,21.1,9.894,-273.0,21.2,-0.004                           
1,2839,21.1,9.896,-273.0,20.7,-0.004                           
1,2849,21.1,9.897,-273.0,21.2,-0.004                           
1,2859,21.1,9.899,-273.0,20.7,-0.004                           
1,2869,21.1,9.901,-273.0,21.2,-0.004                           
1,2879,21.1,9.902,-273.0,20.7,-0.004                           
1,2889,21.1,9.904,-273.0,21.2,-0.004                           
1,2899,21.1,9.906,-273.0,20.7,-0.004                           
1,2909,21.1,9.907,-273.0,21.2,-0.004                           
1,2919,21.1,9.908,-273.0,20.7,-0.004                           
1,2929,21.1,9.910,-273.0,21.3,-0.004                           
1,2939,21.1,9.912,-273.0,20.7,-0.004                           
1,2949,21.1,9.914,-273.0,21.2,-0.004                           
1,2959,21.1,9.915,-273.0,20.7,-0.004                           
1,2969,21.1,9.917,-273.0,21.3,-0.004                           
1,2979,21.1,9.919,-273.0,20.7,-0.004                           
1,2989,21.1,9.920,-273.0,21.3,-0.004                           
1,2999,21.1,9.922,-273.0,20.7,-0.004                           
1,3009,21.1,9.924,-273.0,21.2,-0.004                           
1,3019,21.1,9.925,-273.0,20.7,-0.004                           
1,3029,21.1,9.927,-273.0,21.3,-0.004                           
1,3039,21.1,9.929,-273.0,20.7,-0.004                           
1,3049,21.1,9.931,-273.0,21.2,-0.004                           
1,3059,21.1,9.932,-273.0,20.7,-0.004                           
1,3069,21.1,9.934,-273.0,21.2,-0.004                           
1,3079,21.1,9.935,-273.0,20.7,-0.004                           
1,3089,21.1,9.937,-273.0,21.3,-0.004                           
1,3099,21.1,9.939,-273.0,20.7,-0.004                           
1,3109,21.1,9.940,-273.0,21.2,-0.004                           
1,3119,21.1,9.942,-273.0,20.7,-0.004                           
1,3129,21.1,9.944,-273.0,21.3,-0.004                           
1,3139,21.1,9.945,-273.0,20.7,-0.004                           
1,3149,21.1,9.947,-273.0,21.2,-0.004                           
1,3159,21.1,9.948,-273.0,20.7,-0.004                           
1,3169,21.1,9.950,-273.0,21.3,-0.004                           
1,3179,21.1,9.952,-273.0,20.7,-0.004                           
1,3189,21.1,9.953,-273.0,21.2,-0.004                           
1,3199,21.1,9.955,-273.0,20.7,-0.004                           
1,3209,21.1,9.957,-273.0,21.2,-0.004                           
1,3219,21.1,9.958,-273.0,20.7,-0.004                           
1,3229,21.1,9.960,-273.0,21.3,-0.004                           
1,3239,21.1,9.961,-273.0,20.7,-0.004                           
1,3249,21.1,9.963,-273.0,21.3,-0.004                           
1,3259,21.1,9.965,-273.0,20.7,-0.004                           
1,3269,21.1,9.967,-273.0,21.2,-0.004                           
1,3279,21.1,9.968,-273.0,20.7,-0.004                           
1,3289,21.1,9.970,-273.0,21.2,-0.004                           
1,3299,21.1,9.971,-273.0,20.7,-0.004                           
1,3309,21.1,9.973,-273.0,21.2,-0.004                           
1,3319,21.1,9.974,-273.0,20.7,-0.004                           
1,3329,21.1,9.976,-273.0,21.3,-0.004                           
1,3339,21.1,9.978,-273.0,20.7,-0.004                           
1,3349,21.1,9.980,-273.0,21.2,-0.004                           
1,3359,21.1,9.981,-273.0,20.7,-0.004                           
1,3369,21.1,9.983,-273.0,21.2,-0.004                           
1,3379,21.1,9.984,-273.0,20.7,-0.004                           
1,3389,21.1,9.986,-273.0,21.3,-0.004                           
1,3399,21.1,9.987,-273.0,20.7,-0.004                           
1,3409,21.1,9.989,-273.0,21.2,-0.004                           
1,3419,21.1,9.990,-273.0,20.7,-0.004                           
1,3429,21.1,9.992,-273.0,21.3,-0.004                           
1,3439,21.1,9.994,-273.0,20.7,-0.004                           
1,3449,21.1,9.995,-273.0,21.3,-0.004                           
1,3459,21.1,9.997,-273.0,20.7,-0.004                           
1,3469,21.1,9.999,-273.0,21.3,-0.004                           
1,3479,21.1,10.001,-273.0,20.7,-0.004                          
1,3489,21.1,10.002,-273.0,21.3,-0.004                          
1,3499,21.1,10.003,-273.0,20.7,-0.004                          
1,3509,21.1,10.005,-273.0,21.2,-0.004                          
1,3519,21.1,10.007,-273.0,20.7,-0.004                          
1,3529,21.1,10.009,-273.0,21.3,-0.004                          
1,3539,21.1,10.010,-273.0,20.6,-0.004                          
1,3549,21.1,10.012,-273.0,21.3,-0.004                          
1,3559,21.1,10.013,-273.0,20.7,-0.004                          
1,3569,21.1,10.015,-273.0,21.2,-0.004                          
1,3579,21.1,10.016,-273.0,20.7,-0.004                          
1,3589,21.1,10.018,-273.0,21.3,-0.004                          
1,3599,21.1,10.019,-273.0,20.7,-0.004                          
1,3609,21.1,10.021,-273.0,21.2,-0.004                          
1,3619,21.1,10.022,-273.0,20.7,-0.004                          
1,3629,21.1,10.024,-273.0,21.3,-0.004                          
1,3639,21.1,10.026,-273.0,20.7,-0.004                          
1,3649,21.1,10.028,-273.0,21.2,-0.004                          
1,3659,21.1,10.029,-273.0,20.7,-0.004                          
1,3669,21.1,10.031,-273.0,21.3,-0.004                          
1,3679,21.1,10.032,-273.0,20.7,-0.004                          
1,3689,21.1,10.034,-273.0,21.2,-0.004                          
1,3699,21.1,10.035,-273.0,20.7,-0.004                          
1,3709,21.1,10.037,-273.0,21.3,-0.004                          
1,3719,21.1,10.039,-273.0,20.7,-0.004                          
1,3729,21.1,10.040,-273.0,21.3,-0.004                          
1,3739,21.1,10.041,-273.0,20.7,-0.004                          
1,3749,21.1,10.043,-273.0,21.2,-0.004                          
1,3759,21.1,10.045,-273.0,20.7,-0.004                          
1,3769,21.1,10.047,-273.0,21.2,-0.004                          
1,3779,21.1,10.048,-273.0,20.7,-0.004                          
1,3789,21.1,10.050,-273.0,21.2,-0.004                          
1,3799,21.1,10.051,-273.0,20.7,-0.004                          
1,3809,21.1,10.053,-273.0,21.2,-0.004                          
1,3819,21.1,10.054,-273.0,20.7,-0.004                          
1,3829,21.1,10.056,-273.0,21.2,-0.004                          
1,3839,21.1,10.058,-273.0,20.7,-0.004                          
1,3849,21.1,10.059,-273.0,21.3,-0.004                          
1,3859,21.1,10.060,-273.0,20.7,-0.004                          
1,3869,21.1,10.062,-273.0,21.2,-0.004                          
1,3879,21.1,10.063,-273.0,20.7,-0.004                          
1,3889,21.1,10.065,-273.0,21.3,-0.004                          
1,3899,21.1,10.067,-273.0,20.7,-0.004                          
1,3909,21.1,10.068,-273.0,21.2,-0.004                          
1,3919,21.1,10.070,-273.0,20.7,-0.004                          
1,3929,21.1,10.072,-273.0,21.2,-0.004                          
1,3939,21.1,10.073,-273.0,20.7,-0.004                          
1,3949,21.1,10.075,-273.0,21.2,-0.004                          
1,3959,21.1,10.076,-273.0,20.7,-0.004                          
1,3969,21.1,10.078,-273.0,21.2,-0.004                          
1,3979,21.1,10.079,-273.0,20.7,-0.004                          
1,3989,21.1,10.081,-273.0,21.2,-0.004                          
1,3999,21.1,10.082,-273.0,20.6,-0.004                          
1,4009,21.1,10.084,-273.0,21.2,-0.004                          
1,4019,21.1,10.085,-273.0,20.7,-0.004                          
1,4029,21.1,10.087,-273.0,21.2,-0.004                          
1,4039,21.1,10.088,-273.0,20.6,-0.004                          
1,4049,21.1,10.090,-273.0,21.2,-0.004                          
1,4059,21.1,10.092,-273.0,20.7,-0.004                          
1,4069,21.1,10.094,-273.0,21.2,-0.004                          
1,4079,21.1,10.095,-273.0,20.7,-0.004                          
1,4089,21.1,10.097,-273.0,21.2,-0.004                          
1,4099,21.1,10.098,-273.0,20.7,-0.004                          
1,4109,21.1,10.100,-273.0,21.3,-0.004                          
1,4119,21.1,10.101,-273.0,20.7,-0.004                          
1,4129,21.1,10.103,-273.0,21.3,-0.004                          
1,4139,21.1,10.104,-273.0,20.7,-0.004                          
1,4149,21.1,10.106,-273.0,21.2,-0.004                          
1,4159,21.1,10.107,-273.0,20.7,-0.004                          
1,4169,21.1,10.109,-273.0,21.2,-0.004                          
1,4179,21.1,10.110,-273.0,20.7,-0.004                          
1,4189,21.1,10.112,-273.0,21.2,-0.004                          
1,4199,21.1,10.114,-273.0,20.7,-0.004                          
1,4209,21.1,10.115,-273.0,21.2,-0.004                          
1,4219,21.1,10.117,-273.0,20.7,-0.004                          
1,4229,21.1,10.119,-273.0,21.2,-0.004                          
1,4239,21.1,10.120,-273.0,20.7,-0.004                          
1,4249,21.1,10.122,-273.0,21.2,-0.004                          
1,4259,21.1,10.123,-273.0,20.7,-0.004                          
1,4269,21.1,10.125,-273.0,21.3,-0.004                          
1,4279,21.1,10.126,-273.0,20.7,-0.004                          
1,4289,21.1,10.128,-273.0,21.2,-0.004                          
1,4299,21.1,10.129,-273.0,20.7,-0.004                          
1,4309,21.1,10.131,-273.0,21.2,-0.004                          
1,4319,21.1,10.132,-273.0,20.7,-0.004                          
1,4329,21.1,10.134,-273.0,21.2,-0.004                          
1,4339,21.1,10.135,-273.0,20.7,-0.004                          
1,4349,21.1,10.137,-273.0,21.2,-0.004                          
1,4359,21.1,10.138,-273.0,20.7,-0.004                          
1,4369,21.1,10.140,-273.0,21.2,-0.004                          
1,4379,21.1,10.142,-273.0,20.7,-0.004                          
1,4389,21.1,10.144,-273.0,21.3,-0.004                          
1,4399,21.1,10.145,-273.0,20.7,-0.004                          
1,4409,21.1,10.146,-273.0,21.2,-0.004                          
1,4419,21.1,10.148,-273.0,20.7,-0.004                          
1,4429,21.1,10.150,-273.0,21.3,-0.004                          
1,4439,21.1,10.151,-273.0,20.7,-0.004                          
1,4449,21.1,10.153,-273.0,21.2,-0.004                          
1,4459,21.1,10.154,-273.0,20.7,-0.004                          
1,4469,21.1,10.156,-273.0,21.2,-0.004                          
1,4479,21.1,10.157,-273.0,20.7,-0.004                          
1,4489,21.1,10.159,-273.0,21.2,-0.004                          
1,4499,21.1,10.160,-273.0,20.7,-0.004                          
1,4509,21.1,10.162,-273.0,21.2,-0.004                          
1,4519,21.1,10.163,-273.0,20.7,-0.004                          
1,4529,21.1,10.165,-273.0,21.2,-0.004                          
1,4539,21.1,10.166,-273.0,20.7,-0.004                          
1,4549,21.1,10.168,-273.0,21.2,-0.004                          
1,4559,21.1,10.169,-273.0,20.7,-0.004                          
1,4569,21.1,10.171,-273.0,21.2,-0.004                          
1,4579,21.1,10.173,-273.0,20.7,-0.004                          
1,4589,21.1,10.174,-273.0,21.2,-0.004                          
1,4599,21.1,10.176,-273.0,20.7,-0.004                          
1,4609,21.1,10.178,-273.0,21.2,-0.004                          
1,4619,21.1,10.179,-273.0,20.6,-0.004                          
1,4629,21.1,10.181,-273.0,21.2,-0.004                          
1,4639,21.1,10.182,-273.0,20.7,-0.004                          
1,4649,21.1,10.184,-273.0,21.2,-0.004                          
1,4659,21.1,10.185,-273.0,20.7,-0.004                          
1,4669,21.1,10.187,-273.0,21.2,-0.004                          
1,4679,21.1,10.188,-273.0,20.6,-0.004                          
1,4689,21.1,10.190,-273.0,21.2,-0.004                          
1,4699,21.1,10.191,-273.0,20.7,-0.004                          
1,4709,21.1,10.193,-273.0,21.2,-0.004                          
1,4719,21.1,10.194,-273.0,20.6,-0.004                          
1,4729,21.1,10.196,-273.0,21.2,-0.004                          
1,4739,21.1,10.197,-273.0,20.7,-0.004                          
1,4749,21.1,10.199,-273.0,21.2,-0.004                          
1,4759,21.1,10.200,-273.0,20.7,-0.004                          
1,4769,21.1,10.202,-273.0,21.2,-0.004                          
1,4779,21.1,10.204,-273.0,20.7,-0.004                          
1,4789,21.1,10.205,-273.0,21.2,-0.004                          
1,4799,21.1,10.207,-273.0,20.6,-0.004                          
1,4809,21.1,10.208,-273.0,21.3,-0.004                          
1,4819,21.1,10.210,-273.0,20.7,-0.004                          
1,4829,21.1,10.212,-273.0,21.2,-0.004                          
1,4839,21.1,10.213,-273.0,20.7,-0.004                          
1,4849,21.1,10.215,-273.0,21.2,-0.004                          
1,4859,21.1,10.216,-273.0,20.7,-0.004                          
1,4869,21.1,10.218,-273.0,21.2,-0.004                          
1,4879,21.1,10.219,-273.0,20.7,-0.004                          
1,4889,21.1,10.221,-273.0,21.2,-0.004                          
1,4899,21.1,10.222,-273.0,20.7,-0.004                          
1,4909,21.1,10.224,-273.0,21.2,-0.004                          
1,4919,21.1,10.225,-273.0,20.7,-0.004                          
1,4929,21.1,10.227,-273.0,21.2,-0.004                          
1,4939,21.1,10.228,-273.0,20.6,-0.004                          
1,4949,21.1,10.230,-273.0,21.2,-0.004                          
1,4959,21.1,10.231,-273.0,20.7,-0.004                          
1,4969,21.1,10.233,-273.0,21.2,-0.004                          
1,4979,21.1,10.234,-273.0,20.6,-0.004                          
1,4989,21.1,10.236,-273.0,21.2,-0.004                          
1,4999,21.1,10.237,-273.0,20.7,-0.004                          
1,5009,21.1,10.239,-273.0,21.2,-0.004                          
1,5019,21.1,10.240,-273.0,20.6,-0.004                          
1,5029,21.1,10.242,-273.0,21.2,-0.004                          
1,5039,21.1,10.243,-273.0,20.7,-0.004                          
1,5049,21.1,10.245,-273.0,21.2,-0.004                          
1,5059,21.1,10.246,-273.0,20.7,-0.004                          
1,5069,21.1,10.248,-273.0,21.2,-0.004                          
1,5079,21.1,10.250,-273.0,20.7,-0.004                          
1,5089,21.1,10.251,-273.0,21.2,-0.004                          
1,5099,21.1,10.253,-273.0,20.6,-0.004                          
1,5109,21.1,10.254,-273.0,21.2,-0.004                          
1,5119,21.1,10.256,-273.0,20.6,-0.004                          
1,5129,21.1,10.257,-273.0,21.2,-0.004                          
1,5139,21.1,10.259,-273.0,20.7,-0.004                          
1,5149,21.1,10.261,-273.0,21.3,-0.004                          
1,5159,21.1,10.262,-273.0,20.6,-0.004                          
1,5169,21.1,10.263,-273.0,21.2,-0.004                          
1,5179,21.1,10.265,-273.0,20.7,-0.004                          
1,5189,21.1,10.267,-273.0,21.2,-0.004                          
1,5199,21.1,10.268,-273.0,20.7,-0.004                          
1,5209,21.1,10.270,-273.0,21.2,-0.004                          
1,5219,21.1,10.271,-273.0,20.7,-0.004                          
1,5229,21.1,10.273,-273.0,21.2,-0.004                          
1,5239,21.1,10.274,-273.0,20.7,-0.004                          
1,5249,21.1,10.276,-273.0,21.2,-0.004                          
1,5259,21.1,10.277,-273.0,20.7,-0.004                          
1,5269,21.1,10.279,-273.0,21.2,-0.004                          
1,5279,21.1,10.280,-273.0,20.7,-0.004                          
1,5289,21.1,10.282,-273.0,21.2,-0.004                          
1,5299,21.1,10.284,-273.0,20.6,-0.004                          
1,5309,21.1,10.285,-273.0,21.2,-0.004                          
1,5319,21.1,10.287,-273.0,20.7,-0.004                          
1,5329,21.1,10.288,-273.0,21.2,-0.004                          
1,5339,21.1,10.289,-273.0,20.7,-0.004                          
1,5349,21.1,10.291,-273.0,21.2,-0.004                          
1,5359,21.1,10.292,-273.0,20.6,-0.004                          
1,5369,21.1,10.294,-273.0,21.2,-0.004                          
1,5379,21.1,10.296,-273.0,20.7,-0.004                          
1,5389,21.1,10.297,-273.0,21.2,-0.004                          
1,5399,21.1,10.299,-273.0,20.7,-0.004                          
1,5409,21.1,10.300,-273.0,21.2,-0.004                          
1,5419,21.1,10.301,-273.0,20.6,-0.004                          
1,5429,21.1,10.303,-273.0,21.2,-0.004                          
1,5439,21.1,10.304,-273.0,20.6,-0.004                          
1,5449,21.1,10.306,-273.0,21.2,-0.004                          
1,5459,21.1,10.307,-273.0,20.7,-0.004                          
1,5469,21.1,10.309,-273.0,21.2,-0.004                          
1,5479,21.1,10.310,-273.0,20.6,-0.004                          
1,5489,21.1,10.312,-273.0,21.2,-0.004                          
1,5499,21.1,10.313,-273.0,20.7,-0.004                          
1,5509,21.1,10.315,-273.0,21.2,-0.004                          
1,5519,21.1,10.316,-273.0,20.6,-0.004                          
1,5529,21.1,10.318,-273.0,21.2,-0.004                          
1,5539,21.1,10.319,-273.0,20.6,-0.004                          
1,5549,21.1,10.321,-273.0,21.2,-0.004                          
1,5559,21.1,10.322,-273.0,20.6,-0.004                          
1,5569,21.1,10.324,-273.0,21.2,-0.004                          
1,5579,21.1,10.326,-273.0,20.6,-0.004                          
1,5589,21.1,10.327,-273.0,21.2,-0.004                          
1,5599,21.1,10.328,-273.0,20.6,-0.004                          
1,5609,21.1,10.330,-273.0,21.2,-0.004                          
1,5619,21.1,10.331,-273.0,20.6,-0.004                          
1,5629,21.1,10.333,-273.0,21.2,-0.004                          
1,5639,21.1,10.334,-273.0,20.6,-0.004                          
1,5649,21.1,10.335,-273.0,21.2,-0.004                          
1,5659,21.1,10.337,-273.0,20.7,-0.004                          
1,5669,21.1,10.339,-273.0,21.2,-0.004                          
1,5679,21.1,10.340,-273.0,20.7,-0.004                          
1,5689,21.1,10.342,-273.0,21.2,-0.004                          
1,5699,21.1,10.343,-273.0,20.6,-0.004                          
1,5709,21.1,10.344,-273.0,21.2,-0.004                          
1,5719,21.1,10.345,-273.0,20.6,-0.004                          
1,5729,21.1,10.347,-273.0,21.2,-0.004                          
1,5739,21.1,10.349,-273.0,20.6,-0.004                          
1,5749,21.1,10.350,-273.0,21.2,-0.004                          
1,5759,21.1,10.352,-273.0,20.6,-0.004                          
1,5769,21.1,10.353,-273.0,21.2,-0.004                          
1,5779,21.1,10.355,-273.0,20.6,-0.004                          
1,5789,21.1,10.356,-273.0,21.2,-0.004                          
1,5799,21.1,10.358,-273.0,20.6,-0.004                          
1,5809,21.1,10.359,-273.0,21.2,-0.004                          
1,5819,21.1,10.360,-273.0,20.6,-0.004                          
1,5829,21.1,10.362,-273.0,21.2,-0.004                          
1,5839,21.1,10.364,-273.0,20.6,-0.004                          
1,5849,21.1,10.365,-273.0,21.2,-0.004                          
1,5859,21.1,10.367,-273.0,20.6,-0.004                          
1,5869,21.1,10.368,-273.0,21.2,-0.004                          
1,5879,21.1,10.370,-273.0,20.7,-0.004                          
1,5889,21.1,10.372,-273.0,21.2,-0.004                          
1,5899,21.1,10.372,-273.0,20.7,-0.004                          
1,5909,21.1,10.374,-273.0,21.2,-0.004                          
1,5919,21.1,10.376,-273.0,20.7,-0.004                          
1,5929,21.1,10.377,-273.0,21.2,-0.004                          
1,5939,21.1,10.378,-273.0,20.6,-0.004                          
1,5949,21.1,10.380,-273.0,21.2,-0.004                          
1,5959,21.1,10.381,-273.0,20.7,-0.004                          
1,5969,21.1,10.383,-273.0,21.2,-0.004                          
1,5979,21.1,10.384,-273.0,20.6,-0.004                          
1,5989,21.1,10.386,-273.0,21.2,-0.004                          
1,5999,21.1,10.387,-273.0,20.7,-0.004                          
1,6009,21.1,10.389,-273.0,21.2,-0.004                          
1,6019,21.1,10.390,-273.0,20.7,-0.004                          
1,6029,21.1,10.392,-273.0,21.2,-0.004                          
1,6039,21.1,10.393,-273.0,20.7,-0.004                          
1,6049,21.1,10.394,-273.0,21.2,-0.004                          
1,6059,21.1,10.396,-273.0,20.7,-0.004                          
1,6069,21.1,10.398,-273.0,21.2,-0.004                          
1,6079,21.1,10.399,-273.0,20.7,-0.004                          
1,6089,21.1,10.401,-273.0,21.2,-0.004                          
1,6099,21.1,10.402,-273.0,20.7,-0.004                          
1,6109,21.1,10.404,-273.0,21.2,-0.004                          
1,6119,21.1,10.405,-273.0,20.6,-0.004                          
1,6129,21.1,10.407,-273.0,21.2,-0.004                          
1,6139,21.1,10.408,-273.0,20.7,-0.004                          
1,6149,21.1,10.410,-273.0,21.2,-0.004                          
1,6159,21.1,10.411,-273.0,20.6,-0.004                          
1,6169,21.1,10.413,-273.0,21.2,-0.004                          
1,6179,21.1,10.414,-273.0,20.7,-0.004                          
1,6189,21.1,10.416,-273.0,21.2,-0.004                          
1,6199,21.1,10.417,-273.0,20.6,-0.004                          
1,6209,21.1,10.419,-273.0,21.2,-0.004                          
1,6219,21.1,10.420,-273.0,20.6,-0.004                          
1,6229,21.1,10.421,-273.0,21.2,-0.004                          
1,6239,21.1,10.423,-273.0,20.7,-0.004                          
1,6249,21.1,10.424,-273.0,21.2,-0.004                          
1,6259,21.1,10.426,-273.0,20.6,-0.004                          
1,6269,21.1,10.427,-273.0,21.1,-0.004                          
1,6279,21.1,10.428,-273.0,20.6,-0.004                          
1,6289,21.1,10.430,-273.0,21.1,-0.004                          
1,6299,21.1,10.432,-273.0,20.6,-0.004                          
1,6309,21.1,10.433,-273.0,21.1,-0.004                          
1,6319,21.1,10.434,-273.0,20.6,-0.004                          
1,6329,21.1,10.436,-273.0,21.1,-0.004                          
1,6339,21.1,10.438,-273.0,20.7,-0.004                          
1,6349,21.1,10.439,-273.0,21.2,-0.004                          
1,6359,21.1,10.441,-273.0,20.7,-0.004                          
1,6369,21.1,10.442,-273.0,21.2,-0.004                          
1,6379,21.1,10.444,-273.0,20.6,-0.004                          
1,6389,21.1,10.445,-273.0,21.1,-0.004                          
1,6399,21.1,10.446,-273.0,20.6,-0.004                          
1,6409,21.1,10.448,-273.0,21.2,-0.004                          
1,6419,21.1,10.449,-273.0,20.6,-0.004                          
1,6429,21.1,10.451,-273.0,21.1,-0.004                          
1,6439,21.1,10.452,-273.0,20.6,-0.004                          
1,6449,21.1,10.454,-273.0,21.2,-0.004                          
1,6459,21.1,10.455,-273.0,20.6,-0.004                          
1,6469,21.1,10.457,-273.0,21.2,-0.004                          
1,6479,21.1,10.458,-273.0,20.6,-0.004                          
1,6489,21.1,10.460,-273.0,21.2,-0.004                          
1,6499,21.1,10.461,-273.0,20.7,-0.004                          
1,6509,21.1,10.463,-273.0,21.2,-0.004                          
1,6519,21.1,10.464,-273.0,20.6,-0.004                          
1,6529,21.1,10.465,-273.0,21.1,-0.004                          
1,6539,21.1,10.467,-273.0,20.7,-0.004                          
1,6549,21.1,10.469,-273.0,21.2,-0.004                          
1,6559,21.1,10.470,-273.0,20.7,-0.004                          
1,6569,21.1,10.471,-273.0,21.2,-0.004                          
1,6579,21.1,10.473,-273.0,20.7,-0.004                          
1,6589,21.1,10.474,-273.0,21.1,-0.004                          
1,6599,21.1,10.476,-273.0,20.6,-0.004                          
1,6609,21.1,10.477,-273.0,21.1,-0.004                          
1,6619,21.1,10.479,-273.0,20.7,-0.004                          
1,6629,21.1,10.480,-273.0,21.2,-0.004                          
1,6639,21.1,10.482,-273.0,20.7,-0.004                          
1,6649,21.1,10.483,-273.0,21.2,-0.004                          
1,6659,21.1,10.485,-273.0,20.7,-0.004                          
1,6669,21.1,10.486,-273.0,21.2,-0.004                          
1,6679,21.1,10.487,-273.0,20.7,-0.004                          
1,6689,21.1,10.489,-273.0,21.1,-0.004                          
1,6699,21.1,10.490,-273.0,20.7,-0.004                          
1,6709,21.1,10.492,-273.0,21.1,-0.004                          
1,6719,21.1,10.493,-273.0,20.7,-0.004                          
1,6729,21.1,10.494,-273.0,21.1,-0.004                          
1,6739,21.1,10.496,-273.0,20.6,-0.004                          
1,6749,21.1,10.497,-273.0,21.2,-0.004                          
1,6759,21.1,10.499,-273.0,20.7,-0.004                          
1,6769,21.1,10.500,-273.0,21.1,-0.004                          
1,6779,21.1,10.502,-273.0,20.7,-0.004                          
1,6789,21.1,10.503,-273.0,21.1,-0.004                          
1,6799,21.1,10.504,-273.0,20.6,-0.004                          
1,6809,21.1,10.506,-273.0,21.2,-0.004                          
1,6819,21.1,10.507,-273.0,20.6,-0.004                          
1,6829,21.1,10.509,-273.0,21.2,-0.004                          
1,6839,21.1,10.510,-273.0,20.6,-0.004                          
1,6849,21.1,10.512,-273.0,21.1,-0.004                          
1,6859,21.1,10.513,-273.0,20.7,-0.004                          
1,6869,21.1,10.515,-273.0,21.2,-0.004                          
1,6879,21.1,10.516,-273.0,20.7,-0.004                          
1,6889,21.1,10.518,-273.0,21.2,-0.004                          
1,6899,21.1,10.519,-273.0,20.6,-0.004                          
1,6909,21.1,10.520,-273.0,21.2,-0.004                          
1,6919,21.1,10.522,-273.0,20.6,-0.004                          
1,6929,21.1,10.523,-273.0,21.2,-0.004                          
1,6939,21.1,10.524,-273.0,20.6,-0.004                          
1,6949,21.1,10.526,-273.0,21.2,-0.004                          
1,6959,21.1,10.527,-273.0,20.6,-0.004                          
1,6969,21.1,10.529,-273.0,21.1,-0.004                          
1,6979,21.1,10.530,-273.0,20.7,-0.004                          
1,6989,21.1,10.532,-273.0,21.1,-0.004                          
1,6999,21.1,10.533,-273.0,20.7,-0.004                          
1,7009,21.1,10.534,-273.0,21.1,-0.004                          
1,7019,21.1,10.536,-273.0,20.6,-0.004                          
1,7029,21.1,10.537,-273.0,21.1,-0.004                          
1,7039,21.1,10.539,-273.0,20.6,-0.004                          
1,7049,21.1,10.540,-273.0,21.2,-0.004                          
1,7059,21.1,10.541,-273.0,20.6,-0.004                          
1,7069,21.1,10.543,-273.0,21.2,-0.004                          
1,7079,21.1,10.544,-273.0,20.7,-0.004                          
1,7089,21.1,10.546,-273.0,21.2,-0.004                          
1,7099,21.1,10.547,-273.0,20.6,-0.004                          
1,7109,21.1,10.549,-273.0,21.2,-0.004                          
1,7119,21.1,10.550,-273.0,20.6,-0.004                          
1,7129,21.2,10.552,-273.0,21.2,-0.004                          
1,7139,21.1,10.553,-273.0,20.6,-0.004                          
1,7149,21.1,10.554,-273.0,21.2,-0.004                          
1,7159,21.1,10.556,-273.0,20.6,-0.004                          
1,7169,21.1,10.557,-273.0,21.2,-0.004                          
1,7179,21.1,10.558,-273.0,20.6,-0.004                          
1,7189,21.1,10.560,-273.0,21.2,-0.004                          
1,7199,21.1,10.561,-273.0,20.6,-0.004                          
1,7209,21.1,10.563,-273.0,21.2,-0.004                          
1,7219,21.1,10.564,-273.0,20.6,-0.004                          
1,7229,21.1,10.566,-273.0,21.2,-0.004                          
1,7239,21.1,10.567,-273.0,20.6,-0.004                          
1,7249,21.1,10.569,-273.0,21.2,-0.004                          
1,7259,21.1,10.570,-273.0,20.6,-0.004                          
1,7269,21.1,10.571,-273.0,21.2,-0.004                          
1,7279,21.1,10.572,-273.0,20.6,-0.004                          
1,7289,21.1,10.574,-273.0,21.2,-0.004                          
1,7299,21.1,10.575,-273.0,20.6,-0.004                          
1,7309,21.1,10.577,-273.0,21.2,-0.004                          
1,7319,21.1,10.578,-273.0,20.6,-0.004                          
1,7329,21.1,10.580,-273.0,21.2,-0.004                          
1,7339,21.1,10.581,-273.0,20.6,-0.004                          
1,7349,21.1,10.583,-273.0,21.2,-0.004                          
1,7359,21.1,10.584,-273.0,20.6,-0.004                          
1,7369,21.1,10.586,-273.0,21.2,-0.004                          
1,7379,21.1,10.587,-273.0,20.6,-0.004                          
1,7389,21.1,10.589,-273.0,21.2,-0.004                          
1,7399,21.2,10.590,-273.0,20.6,-0.004                          
1,7409,21.2,10.591,-273.0,21.2,-0.004                          
1,7419,21.1,10.592,-273.0,20.6,-0.004                          
1,7429,21.1,10.594,-273.0,21.2,-0.004                          
1,7439,21.1,10.595,-273.0,20.6,-0.004                          
1,7449,21.1,10.597,-273.0,21.2,-0.004                          
1,7459,21.1,10.598,-273.0,20.6,-0.004                          
1,7469,21.1,10.599,-273.0,21.1,-0.004                          
1,7479,21.1,10.600,-273.0,20.6,-0.004                          
1,7489,21.1,10.602,-273.0,21.2,-0.004                          
1,7499,21.1,10.603,-273.0,20.6,-0.004                          
1,7509,21.1,10.605,-273.0,21.2,-0.004                          
1,7519,21.1,10.606,-273.0,20.6,-0.004                          
1,7529,21.1,10.608,-273.0,21.2,-0.004                          
1,7539,21.1,10.609,-273.0,20.6,-0.004                          
1,7549,21.1,10.611,-273.0,21.2,-0.004                          
1,7559,21.1,10.612,-273.0,20.6,-0.004                          
1,7569,21.1,10.613,-273.0,21.2,-0.004                          
1,7579,21.1,10.615,-273.0,20.6,-0.004                          
1,7589,21.1,10.616,-273.0,21.1,-0.004                          
1,7599,21.1,10.617,-273.0,20.6,-0.004                          
1,7609,21.1,10.619,-273.0,21.2,-0.004                          
1,7619,21.1,10.620,-273.0,20.6,-0.004                          
1,7629,21.1,10.622,-273.0,21.2,-0.004                          
1,7639,21.1,10.623,-273.0,20.6,-0.004                          
1,7649,21.1,10.625,-273.0,21.2,-0.004                          
1,7659,21.1,10.626,-273.0,20.6,-0.004                          
1,7669,21.1,10.628,-273.0,21.2,-0.004                          
1,7679,21.1,10.629,-273.0,20.6,-0.004                          
1,7689,21.1,10.630,-273.0,21.2,-0.004                          
1,7699,21.1,10.631,-273.0,20.6,-0.004                          
1,7709,21.1,10.633,-273.0,21.1,-0.004                          
1,7719,21.1,10.634,-273.0,20.6,-0.004                          
1,7729,21.1,10.636,-273.0,21.2,-0.004                          
1,7739,21.1,10.637,-273.0,20.6,-0.004                          
1,7749,21.1,10.639,-273.0,21.2,-0.004                          
1,7759,21.1,10.640,-273.0,20.6,-0.004                          
1,7769,21.1,10.641,-273.0,21.2,-0.004                          
1,7779,21.1,10.643,-273.0,20.5,-0.004                          
1,7789,21.1,10.644,-273.0,21.2,-0.004                          
1,7799,21.1,10.645,-273.0,20.5,-0.004                          
1,7809,21.1,10.647,-273.0,21.2,-0.004                          
1,7819,21.1,10.648,-273.0,20.6,-0.004                          
1,7829,21.1,10.649,-273.0,21.2,-0.004                          
1,7839,21.1,10.651,-273.0,20.6,-0.004                          
1,7849,21.1,10.652,-273.0,21.2,-0.004                          
1,7859,21.1,10.653,-273.0,20.5,-0.004                          
1,7869,21.1,10.655,-273.0,21.2,-0.004                          
1,7879,21.1,10.656,-273.0,20.6,-0.004                          
1,7889,21.1,10.658,-273.0,21.2,-0.004                          
1,7899,21.1,10.659,-273.0,20.6,-0.004                          
1,7909,21.1,10.660,-273.0,21.2,-0.004                          
1,7919,21.1,10.662,-273.0,20.5,-0.004                          
1,7929,21.1,10.663,-273.0,21.2,-0.004                          
1,7939,21.1,10.664,-273.0,20.6,-0.004                          
1,7949,21.1,10.666,-273.0,21.2,-0.004                          
1,7959,21.1,10.667,-273.0,20.5,-0.004                          
1,7969,21.1,10.669,-273.0,21.1,-0.004                          
1,7979,21.1,10.670,-273.0,20.6,-0.004                          
1,7989,21.1,10.671,-273.0,21.2,-0.004                          
1,7999,21.1,10.673,-273.0,20.6,-0.004                          
1,8009,21.1,10.674,-273.0,21.1,-0.004                          
1,8019,21.1,10.675,-273.0,20.6,-0.004                          
1,8029,21.1,10.677,-273.0,21.2,-0.004                          
1,8039,21.1,10.678,-273.0,20.6,-0.004                          
1,8049,21.1,10.680,-273.0,21.1,-0.004                          
1,8059,21.1,10.681,-273.0,20.6,-0.004                          
1,8069,21.1,10.682,-273.0,21.2,-0.004                          
1,8079,21.1,10.684,-273.0,20.6,-0.004                          
1,8089,21.1,10.685,-273.0,21.1,-0.004                          
1,8099,21.1,10.687,-273.0,20.6,-0.004                          
1,8109,21.1,10.688,-273.0,21.2,-0.004                          
1,8119,21.1,10.689,-273.0,20.6,-0.004                          
1,8129,21.1,10.691,-273.0,21.1,-0.004                          
1,8139,21.1,10.693,-273.0,20.6,-0.004                          
1,8149,21.1,10.694,-273.0,21.1,-0.004                          
1,8159,21.1,10.695,-273.0,20.6,-0.004                          
1,8169,21.1,10.696,-273.0,20.9,-0.004                          
1,8179,21.1,10.698,-273.0,20.9,-0.004                          
1,8189,21.1,10.699,-273.0,20.9,-0.004                          
1,8199,21.2,10.700,-273.0,20.9,-0.004                          
1,8209,21.1,10.702,-273.0,20.9,-0.004                          
1,8219,21.1,10.703,-273.0,20.8,-0.004                          
1,8229,21.1,10.705,-273.0,20.9,-0.004                          
1,8239,21.1,10.706,-273.0,20.8,-0.004                          
1,8249,21.1,10.707,-273.0,20.9,-0.004                          
1,8259,21.1,10.709,-273.0,20.7,-0.004                          
1,8269,21.1,10.710,-273.0,20.9,-0.004                          
1,8279,21.1,10.711,-273.0,20.8,-0.004                          
1,8289,21.1,10.713,-273.0,20.9,-0.004                          
1,8299,21.1,10.714,-273.0,20.8,-0.004                          
1,8309,21.1,10.716,-273.0,20.9,-0.004                          
1,8319,21.1,10.717,-273.0,20.8,-0.004                          
1,8329,21.1,10.718,-273.0,20.9,-0.004                          
1,8339,21.1,10.719,-273.0,20.8,-0.004                          
1,8349,21.1,10.721,-273.0,20.9,-0.004                          
1,8359,21.1,10.722,-273.0,20.8,-0.004                          
1,8369,21.1,10.723,-273.0,20.9,-0.004                          
1,8379,21.1,10.725,-273.0,20.8,-0.004                          
1,8389,21.1,10.726,-273.0,20.9,-0.004                          
1,8399,21.1,10.728,-273.0,20.8,-0.004                          
1,8409,21.1,10.729,-273.0,21.0,-0.004                          
1,8419,21.1,10.731,-273.0,20.8,-0.004                          
1,8429,21.1,10.732,-273.0,20.9,-0.004                          
1,8439,21.1,10.733,-273.0,20.8,-0.004                          
1,8449,21.1,10.734,-273.0,20.9,-0.004                          
1,8459,21.1,10.735,-273.0,20.8,-0.004                          
1,8469,21.1,10.737,-273.0,21.0,-0.004                          
1,8479,21.1,10.738,-273.0,20.7,-0.004                          
1,8489,21.1,10.739,-273.0,20.9,-0.004                          
1,8499,21.1,10.741,-273.0,20.8,-0.004                          
1,8509,21.1,10.742,-273.0,20.9,-0.004                          
1,8519,21.1,10.743,-273.0,20.8,-0.004                          
1,8529,21.1,10.745,-273.0,20.9,-0.004                          
1,8539,21.1,10.746,-273.0,20.8,-0.004                          
1,8549,21.1,10.748,-273.0,20.9,-0.004                          
1,8559,21.1,10.749,-273.0,20.7,-0.004                          
1,8569,21.1,10.751,-273.0,20.9,-0.004                          
1,8579,21.2,10.752,-273.0,20.7,-0.004                          
1,8589,21.1,10.754,-273.0,20.9,-0.004                          
1,8599,21.1,10.755,-273.0,20.8,-0.004                          
1,8609,21.1,10.757,-273.0,21.0,-0.004                          
1,8619,21.1,10.758,-273.0,20.8,-0.004                          
1,8629,21.1,10.759,-273.0,21.0,-0.004                          
1,8639,21.1,10.761,-273.0,20.7,-0.004                          
1,8649,21.1,10.762,-273.0,20.9,-0.004                          
1,8659,21.1,10.763,-273.0,20.7,-0.004                          
1,8669,21.1,10.764,-273.0,20.9,-0.004                          
1,8679,21.1,10.765,-273.0,20.8,-0.004                          
1,8689,21.1,10.767,-273.0,20.9,-0.004                          
1,8699,21.1,10.768,-273.0,20.8,-0.004                          
1,8709,21.1,10.770,-273.0,20.9,-0.004                          
1,8719,21.1,10.771,-273.0,20.8,-0.004                          
1,8729,21.1,10.772,-273.0,20.9,-0.004                          
1,8739,21.1,10.774,-273.0,20.7,-0.004                          
1,8749,21.1,10.775,-273.0,20.9,-0.004                          
1,8759,21.2,10.776,-273.0,20.8,-0.004                          
1,8769,21.1,10.778,-273.0,20.9,-0.004                          
1,8779,21.1,10.779,-273.0,20.8,-0.004                          
1,8789,21.1,10.780,-273.0,21.0,-0.004                          
1,8799,21.1,10.782,-273.0,20.8,-0.004                          
1,8809,21.1,10.783,-273.0,20.9,-0.004                          
1,8819,21.1,10.785,-273.0,20.7,-0.004                          
1,8829,21.1,10.786,-273.0,20.9,-0.004                          
1,8839,21.1,10.787,-273.0,20.7,-0.004                          
1,8849,21.1,10.788,-273.0,20.9,-0.004                          
1,8859,21.2,10.790,-273.0,20.8,-0.004                          
1,8869,21.1,10.791,-273.0,21.0,-0.004                          
1,8879,21.1,10.793,-273.0,20.7,-0.004                          
1,8889,21.1,10.794,-273.0,20.9,-0.004                          
1,8899,21.2,10.795,-273.0,20.7,-0.004                          
1,8909,21.1,10.796,-273.0,20.9,-0.004                          
1,8919,21.1,10.797,-273.0,20.8,-0.004                          
1,8929,21.2,10.799,-273.0,21.0,-0.004                          
1,8939,21.1,10.800,-273.0,20.7,-0.004                          
1,8949,21.1,10.801,-273.0,21.0,-0.004                          
1,8959,21.1,10.803,-273.0,20.7,-0.004                          
1,8969,21.1,10.804,-273.0,20.9,-0.004                          
1,8979,21.1,10.805,-273.0,20.8,-0.004                          
1,8989,21.1,10.806,-273.0,20.9,-0.004                          
1,8999,21.2,10.808,-273.0,-634.6,-0.000                        
255,-1,-0.0,-0.000,-0.0,-0.0,-0.000                            
255,-1,-0.0,-0.000,-0.0,-0.0,-0.000                            
255,-1,-0.0,-0.000,-0.0,-0.0,-0.000                            
255,-1,-0.0,-0.000,-0.0,-0.0,-0.000                            
255,-1,-0.0,-0.000,-0.0,-0.0,-0.000                            
255,-1,-0.0,-0.000,-0.0,-0.0,-0.000                            
255,-1,-0.0,-0.000,-0.0,-0.0,-0.000                            
